-0.0017479103553251756, -0.000545918252605812, 0.1079230404562348
-0.0012840054849536204, 0.0001645121810257452, 0.1079230404562348
-0.0012840054849536204, 0.0001645121810257452, 0.1079230404562348
-0.0012840054849536204, 0.0001645121810257452, 0.1079230404562348
-0.0012840054849536204, 0.0001645121810257452, 0.1079230404562348
-0.0023758371704541976, -0.0010813640777237875, 0.10791308485364198
-0.0023758371704541976, -0.0010813640777237875, 0.1078991365044378
-0.0023758371704541976, -0.0010813640777237875, 0.1078991365044378
-0.0024146551436193477, -0.0013843363656099402, 0.1078991365044378
-0.0024146551436193477, -0.0013843363656099402, 0.1078991365044378
-0.0024146551436193477, -0.0013843363656099402, 0.1078991365044378
-0.0024146551436193477, -0.0013843363656099402, 0.1078991365044378
-0.003776298404548892, -0.0018257776666920288, 0.1078991365044378
-0.003776298404548892, -0.0018257776666920288, 0.1078991365044378
-0.003776298404548892, -0.0018257776666920288, 0.1078991365044378
-0.0022700440989665556, -0.0017108196622289188, 0.1078991365044378
-0.0022700440989665556, -0.0017108196622289188, 0.1078991365044378
-0.0022700440989665556, -0.0017108196622289188, 0.1078991365044378
-0.0009278096139566024, -0.0014208631240812107, 0.1078991365044378
-0.0009278096139566024, -0.0014208631240812107, 0.1078991365044378
-0.0009278096139566024, -0.0014208631240812107, 0.1078991365044378
-0.00017468286688603638, -0.0013633852375797382, 0.139626
-0.00017468286688603638, -0.0013633852375797382, 0.07618828104453959
-0.00017468286688603638, -0.0013633852375797382, 0.07618828104453959
-0.00017468286688603638, -0.0013633852375797382, 0.07618828104453959
-0.00017468286688603638, -0.0013633852375797382, 0.07618828104453959
-0.0032910672933085068, 0.00196141510532766, 0.07618828104453959
-0.0032910672933085068, 0.00196141510532766, 0.139626
-0.0032910672933085068, 0.00196141510532766, 0.07618828104453959
-0.003079481091811531, 0.000702513583873135, 0.07618828104453959
-0.003079481091811531, 0.000702513583873135, 0.07618828104453959
-0.003079481091811531, 0.000702513583873135, 0.07618828104453959
-0.003079481091811531, 0.000702513583873135, 0.07618828104453959
-0.003079481091811531, 0.000702513583873135, 0.139626
-0.0032435017999020584, 0.0008775001234577718, 0.07618828104453959
-0.0032435017999020584, 0.0008775001234577718, 0.07618828104453959
-0.0032435017999020584, 0.0008775001234577718, 0.07618828104453959
-0.0022399722767333114, -2.095112803020212e-05, 0.07618828104453959
-0.0022399722767333114, -2.095112803020212e-05, 0.07618828104453959
-0.0022399722767333114, -2.095112803020212e-05, 0.07618828104453959
-0.0022399722767333114, -2.095112803020212e-05, 0.07618828104453959
-0.0024127385135225073, 0.0015409295609960236, 0.07618828104453959
-0.0024127385135225073, 0.0015409295609960236, 0.07618828104453959
-0.0024127385135225073, 0.0015409295609960236, 0.07618828104453959
-0.0024127385135225073, 0.0015409295609960236, 0.07618828104453959
-0.0017178392353018762, 0.0011439456782305854, 0.07618828104453959
-0.0017178392353018762, 0.0011439456782305854, 0.07618828104453959
-0.0017178392353018762, 0.0011439456782305854, 0.07618828104453959
-0.0017178392353018762, 0.0011439456782305854, 0.139626
-0.00033870272842486266, -0.0011883962363668204, 0.07618828104453959
-0.00033870272842486266, -0.0011883962363668204, 0.07618828104453959
-0.00033870272842486266, -0.0011883962363668204, 0.07618828104453959
-0.0029736897699928055, 7.305579326576946e-05, 0.07618828104453959
-0.0029736897699928055, 7.305579326576946e-05, 0.07618828104453959
-0.0029736897699928055, 7.305579326576946e-05, 0.07618828104453959
-0.0029736897699928055, 7.305579326576946e-05, 0.07618828104453959
-0.0007531272074067979, -5.747781628047803e-05, 0.139626
-0.0007531272074067979, -5.747781628047803e-05, 0.07618828104453959
-0.0007531272074067979, -5.747781628047803e-05, 0.07618828104453959
-0.00031929347461379077, -0.0010369114285693761, 0.07618828104453959
-0.00031929347461379077, -0.0010369114285693761, 0.139626
-0.00031929347461379077, -0.0010369114285693761, 0.07618828104453959
-0.0006279239204691771, -0.0005354392009584742, 0.139626
-0.0006279239204691771, -0.0005354392009584742, 0.07618828104453959
-0.0006279239204691771, -0.0005354392009584742, 0.07618828104453959
-0.0006279239204691771, -0.0005354392009584742, 0.07618828104453959
-0.0025767581507428693, 0.0017159231207081972, 0.07618828104453959
-0.0025767581507428693, 0.0017159231207081972, 0.07618828104453959
-0.0025767581507428693, 0.0017159231207081972, 0.07618828104453959
-0.001195705491660496, 0.0023088470878536924, 0.139626
-0.001195705491660496, 0.0023088470878536924, 0.07618828104453959
-0.001195705491660496, 0.0023088470878536924, 0.07618828104453959
-0.0011005778422884286, 0.00014101068525946715, 0.07618828104453959
-0.0011005778422884286, 0.00014101068525946715, 0.07618828104453959
-0.0011005778422884286, 0.00014101068525946715, 0.07618828104453959
-0.0011005778422884286, 0.00014101068525946715, 0.07618828104453959
-0.0011005778422884286, 0.00014101068525946715, 0.07618828104453959
0.000569697873594381, 8.098675350026002e-05, 0.07618828104453959
0.000569697873594381, 8.098675350026002e-05, 0.07618828104453959
0.000569697873594381, 8.098675350026002e-05, 0.07618828104453959
0.000569697873594381, 8.098675350026002e-05, 0.139626
0.0003756056026995703, -0.001433890452446448, 0.139626
0.0003756056026995703, -0.001433890452446448, 0.139626
0.0003756056026995703, -0.001433890452446448, 0.139626
0.0003756056026995703, -0.001433890452446448, 0.139626
0.0003756056026995703, -0.001433890452446448, 0.07618828104453959
6.697491497047086e-05, -0.0009324228984188601, 0.07618828104453959
6.697491497047086e-05, -0.0009324228984188601, 0.07618828104453959
6.697491497047086e-05, -0.0009324228984188601, 0.07618828104453959
0.0007230562375812009, -0.0016323789539863934, 0.07618828104453959
0.0007230562375812009, -0.0016323789539863934, 0.07618828104453959
0.0007230562375812009, -0.0016323789539863934, 0.07618828104453959
0.0007230562375812009, -0.0016323789539863934, 0.07618828104453959
-0.0012257774231249998, 0.0006189809255571295, 0.07618828104453959
-0.0012257774231249998, 0.0006189809255571295, 0.07618828104453959
-0.0012257774231249998, 0.0006189809255571295, 0.07618828104453959
-0.0012257774231249998, 0.0006189809255571295, 0.07618828104453959
1.9409846789757553e-05, 0.0001514917830619176, 0.07618828104453959
1.9409846789757553e-05, 0.0001514917830619176, 0.07618828104453959
1.9409846789757553e-05, 0.0001514917830619176, 0.07618828104453959
-0.0007919451630166992, -0.000360449989082573, 0.07618828104453959
-0.0007919451630166992, -0.000360449989082573, 0.07618828104453959
-0.0007919451630166992, -0.000360449989082573, 0.07618828104453959
-0.0007919451630166992, -0.000360449989082573, 0.07618828104453959
-0.00032803923933022634, 0.0003499873495924632, 0.07618828104453959
-0.00032803923933022634, 0.0003499873495924632, 0.07618828104453959
-0.00032803923933022634, 0.0003499873495924632, 0.07618828104453959
-9.70458847960679e-05, -0.0007574338718480114, 0.07618828104453959
-9.70458847960679e-05, -0.0007574338718480114, 0.07618828104453959
-9.70458847960679e-05, -0.0007574338718480114, 0.07618828104453959
-9.70458847960679e-05, -0.0007574338718480114, 0.07618828104453959
0.002518531165640361, -0.0021703755428084805, 0.07618828104453959
0.002518531165640361, -0.0021703755428084805, 0.07618828104453959
0.002518531165640361, -0.0021703755428084805, 0.139626
0.0013791355862045496, -0.0023323417741554168, 0.07618828104453959
0.0013791355862045496, -0.0023323417741554168, 0.07618828104453959
0.0013791355862045496, -0.0023323417741554168, 0.07618828104453959
0.0013791355862045496, -0.0023323417741554168, 0.044509393054497304
0.0016790202497882517, -0.001446915338688537, 0.044509393054497304
0.0016790202497882517, -0.001446915338688537, 0.044509393054497304
0.0016790202497882517, -0.001446915338688537, 0.044509393054497304
0.0016790202497882517, -0.001446915338688537, 0.044509393054497304
0.002518531165640361, -0.0021703755428084805, 0.044509393054497304
0.002518531165640361, -0.0021703755428084805, 0.044509393054497304
0.002518531165640361, -0.0021703755428084805, 0.044509393054497304
0.002518531165640361, -0.0021703755428084805, 0.044509393054497304
0.0021904907637639573, -0.0018203927263573422, 0.044509393054497304
0.0021904907637639573, -0.0018203927263573422, 0.044509393054497304
0.00035811366364003503, 0.001339895154640333, 0.044509393054497304
0.00035811366364003503, 0.001339895154640333, 0.044509393054497304
0.00035811366364003503, 0.001339895154640333, 0.044509393054497304
0.002509785159050212, -0.0007834814382299549, 0.044509393054497304
0.002509785159050212, -0.0007834814382299549, 0.044509393054497304
0.0029348708937104403, -0.0003760278256258754, 0.044509393054497304
0.0029348708937104403, -0.0003760278256258754, 0.044509393054497304
0.0022011529401147144, -0.0002820208341089093, 0.044509393054497304
0.0022011529401147144, -0.0002820208341089093, 0.044509393054497304
0.002626240447855054, 0.00012544440198502643, 0.044509393054497304
0.002626240447855054, 0.00012544440198502643, 0.044509393054497304
0.0022574650506452455, -0.0027528228302087917, 0.044509393054497304
0.0022574650506452455, -0.0027528228302087917, 0.044509393054497304
0.0022574650506452455, -0.0027528228302087917, 0.044509393054497304
0.0022574650506452455, -0.0027528228302087917, 0.044509393054497304
0.0022574650506452455, -0.0027528228302087917, 0.044509393054497304
0.0004726520804743238, -0.0006764496053339635, 0.044509393054497304
0.0004726520804743238, -0.0006764496053339635, 0.044509393054497304
0.0004726520804743238, -0.0006764496053339635, 0.044509393054497304
0.0004726520804743238, -0.0006764496053339635, 0.044390114851150256
0.0014198719274361538, 0.0008959078336584405, 0.044390114851150256
0.0014198719274361538, 0.0008959078336584405, 0.044390114851150256
0.0014198719274361538, 0.0008959078336584405, 0.044390114851150256
0.002596168147730329, -0.0015644241770767537, 0.044390114851150256
0.002596168147730329, -0.0015644241770767537, 0.044390114851150256
0.002596168147730329, -0.0015644241770767537, 0.044390114851150256
0.002596168147730329, -0.0015644241770767537, 0.044390114851150256
0.0023739207081103085, -0.0018438945732285926, 0.044390114851150256
0.0023739207081103085, -0.0018438945732285926, 0.044390114851150256
0.0023739207081103085, -0.0018438945732285926, 0.044390114851150256
0.003426932118764577, -0.0009009902512602406, 0.044390114851150256
0.003426932118764577, -0.0009009902512602406, 0.044390114851150256
0.003426932118764577, -0.0009009902512602406, 0.044390114851150256
-0.000984122202378614, 0.0010499388271556082, 0.044390114851150256
-0.000984122202378614, 0.0010499388271556082, 0.044390114851150256
0.001784813229599883, -0.0020763684362074568, 0.044390114851150256
0.001784813229599883, -0.0020763684362074568, 0.044390114851150256
0.001784813229599883, -0.0020763684362074568, 0.044390114851150256
0.0016120469752554385, -0.0005144878622652887, 0.044390114851150256
0.0016120469752554385, -0.0005144878622652887, 0.044390114851150256
0.0008201020307012581, -0.00087494259515217, 0.044390114851150256
0.0008201020307012581, -0.00087494259515217, 0.044390114851150256
0.0008201020307012581, -0.00087494259515217, 0.044390114851150256
0.0022487175128486987, -0.0013659356755368085, 0.044390114851150256
0.0022487175128486987, -0.0013659356755368085, 0.044390114851150256
0.0022487175128486987, -0.0013659356755368085, 0.044390114851150256
0.0005396262756796011, -0.001608877222199201, 0.044390114851150256
0.0005396262756796011, -0.001608877222199201, 0.044390114851150256
0.0005396262756796011, -0.001608877222199201, 0.044390114851150256
0.0005396262756796011, -0.001608877222199201, 0.044390114851150256
0.003966557116810795, -0.002509878937002176, 0.044390114851150256
0.003966557116810795, -0.002509878937002176, 0.044390114851150256
0.003966557116810795, -0.002509878937002176, 0.044390114851150256
0.0017741503334839325, -0.0036147450469022663, 0.044390114851150256
0.0017741503334839325, -0.0036147450469022663, 0.044390114851150256
0.0017741503334839325, -0.0036147450469022663, 0.044390114851150256
0.0017741503334839325, -0.0036147450469022663, 0.044390114851150256
0.0015130836255101312, -0.004197199309567051, 0.044390114851150256
0.0015130836255101312, -0.004197199309567051, 0.044390114851150256
0.0015130836255101312, -0.004197199309567051, 0.044390114851150256
0.0028164999130364707, -0.004210219617804752, 0.044390114851150256
0.0028164999130364707, -0.004210219617804752, 0.044390114851150256
0.0028164999130364707, -0.004210219617804752, 0.044390114851150256
0.0028164999130364707, -0.004210219617804752, 0.044390114851150256
0.0028164999130364707, -0.004210219617804752, 0.044390114851150256
0.0011199854049522753, 1.0481563991480969e-05, 0.044390114851150256
0.0011199854049522753, 1.0481563991480969e-05, 0.044390114851150256
0.0011199854049522753, 1.0481563991480969e-05, 0.044390114851150256
0.0004056777760377872, 0.0002559803834334282, 0.044390114851150256
0.0004056777760377872, 0.0002559803834334282, 0.044390114851150256
0.0004056777760377872, 0.0002559803834334282, 0.044390114851150256
0.0004056777760377872, 0.0002559803834334282, 0.044390114851150256
0.0003862679292480297, 0.00010448860037151053, 0.044390114851150256
0.0003862679292480297, 0.00010448860037151053, 0.044390114851150256
0.0003862679292480297, 0.00010448860037151053, 0.044390114851150256
0.00120637003407005, -0.0007704565968509296, 0.044390114851150256
0.00120637003407005, -0.0007704565968509296, 0.044390114851150256
0.00120637003407005, -0.0007704565968509296, 0.044390114851150256
0.00120637003407005, -0.0007704565968509296, 0.044390114851150256
0.00168968419921912, 9.146817704975196e-05, 0.044390114851150256
0.00168968419921912, 9.146817704975196e-05, 0.044390114851150256
0.00168968419921912, 9.146817704975196e-05, 0.044390114851150256
0.0006366725291358902, -0.000851440933585972, 0.044390114851150256
0.0006366725291358902, -0.000851440933585972, 0.044390114851150256
0.0006366725291358902, -0.000851440933585972, 0.044390114851150256
0.0015732285417540566, -0.0008174600799304471, 0.044390114851150256
0.0015732285417540566, -0.0008174600799304471, 0.044390114851150256
0.0015732285417540566, -0.0008174600799304471, 0.01251703200340959
0.0015732285417540566, -0.0008174600799304471, 0.01251703200340959
0.001312161742104245, -0.0013999118556090196, 0.01251703200340959
0.001312161742104245, -0.0013999118556090196, 0.01251703200340959
0.001312161742104245, -0.0013999118556090196, 0.01251703200340959
0.002701960206869497, -0.002193877134153684, 0.01251703200340959
0.002701960206869497, -0.002193877134153684, 0.01251703200340959
0.002701960206869497, -0.002193877134153684, 0.01251703200340959
-0.0002804744481337234, -0.0007339322356397443, 0.01251703200340959
-0.0002804744481337234, -0.0007339322356397443, 0.01251703200340959
-0.0002804744481337234, -0.0007339322356397443, 0.01251703200340959
0.0023933295015851484, -0.001692409695210154, 0.01251703200340959
0.0023933295015851484, -0.001692409695210154, 0.01251703200340959
0.0023933295015851484, -0.001692409695210154, 0.01251703200340959
0.0023933295015851484, -0.001692409695210154, 0.01251703200340959
0.0031270474551808743, -0.0017864166867271201, 0.01251703200340959
0.0031270474551808743, -0.0017864166867271201, 0.01251703200340959
0.0031270474551808743, -0.0017864166867271201, 0.01251703200340959
0.0002115852808245121, -0.001258901381012536, 0.01251703200340959
0.0002115852808245121, -0.001258901381012536, 0.01251703200340959
0.0002115852808245121, -0.001258901381012536, 0.01251703200340959
0.0019206780140895103, -0.001015953114611717, 0.01251703200340959
0.0019206780140895103, -0.001015953114611717, 0.01251703200340959
0.0019206780140895103, -0.001015953114611717, 0.01251703200340959
0.0019206780140895103, -0.001015953114611717, 0.01251703200340959
0.003262911906120778, -0.0007260035517284824, 0.01251703200340959
0.003262911906120778, -0.0007260035517284824, 0.01251703200340959
0.003262911906120778, -0.0007260035517284824, 0.01251703200340959
0.0020070617225348216, -0.0017968911350121385, 0.01251703200340959
0.0020070617225348216, -0.0017968911350121385, 0.01251703200340959
0.0020070617225348216, -0.0017968911350121385, 0.01251703200340959
0.001320908359228328, -0.0027867988698390134, 0.01251703200340959
0.001320908359228328, -0.0027867988698390134, 0.01251703200340959
0.001320908359228328, -0.0027867988698390134, 0.01251703200340959
0.001320908359228328, -0.0027867988698390134, 0.01251703200340959
0.0014655183739773966, -0.003113279654113849, 0.01251703200340959
0.0014655183739773966, -0.003113279654113849, 0.01251703200340959
0.0014655183739773966, -0.003113279654113849, 0.01251703200340959
0.0012820898106397412, -0.003089778017905582, 0.01251703200340959
0.0012820898106397412, -0.003089778017905582, 0.01251703200340959
0.0012820898106397412, -0.003089778017905582, 0.01251703200340959
0.0012820898106397412, -0.003089778017905582, 0.01251703200340959
0.0012820898106397412, -0.003089778017905582, 0.01251703200340959
0.0033774506916152878, -0.002742345894937561, 0.01251703200340959
0.0033774506916152878, -0.002742345894937561, 0.01251703200340959
0.0033774506916152878, -0.002742345894937561, 0.01251703200340959
0.005809598148810338, -0.00413178341734562, 0.01251703200340959
0.005809598148810338, -0.00413178341734562, 0.01251703200340959
0.005809598148810338, -0.00413178341734562, 0.01251703200340959
0.006012436426295297, -0.004003800315977438, 0.01251703200340959
0.006012436426295297, -0.004003800315977438, 0.01251703200340959
0.006012436426295297, -0.004003800315977438, 0.01251703200340959
0.006012436426295297, -0.004003800315977438, 0.01251703200340959
0.004873041549069431, -0.004165761943962054, 0.01251703200340959
0.004873041549069431, -0.004165761943962054, 0.01251703200340959
0.004873041549069431, -0.004165761943962054, 0.01251703200340959
0.004873041549069431, -0.004165761943962054, 0.01251703200340959
0.007305188545928249, -0.005555199396149119, 0.01251703200340959
0.007305188545928249, -0.005555199396149119, 0.01251703200340959
0.007305188545928249, -0.005555199396149119, 0.01251703200340959
0.005220490802942366, -0.004364250234839016, 0.01251703200340959
0.005220490802942366, -0.004364250234839016, 0.01251703200340959
0.005220490802942366, -0.004364250234839016, 0.01251703200340959
0.005751370789191662, -0.004586247558514686, 0.01251703200340959
0.005751370789191662, -0.004586247558514686, 0.01251703200340959
0.005751370789191662, -0.004586247558514686, 0.01251703200340959
0.006426860922832481, -0.005134718620979722, 0.01251703200340959
0.006426860922832481, -0.005134718620979722, 0.01251703200340959
0.006426860922832481, -0.005134718620979722, 0.01251703200340959
0.006426860922832481, -0.005134718620979722, 0.01251703200340959
0.008232998988881305, -0.004134333925523685, 0.01251703200340959
0.008232998988881305, -0.004134333925523685, 0.01251703200340959
0.008232998988881305, -0.004134333925523685, 0.01251703200340959
0.00375497290685645, -0.0012509705358621033, 0.01251703200340959
0.00375497290685645, -0.0012509705358621033, 0.01251703200340959
0.00375497290685645, -0.0012509705358621033, 0.01251703200340959
0.0013597267927297097, -0.0024838266521738555, 0.01251703200340959
0.0013597267927297097, -0.0024838266521738555, 0.01251703200340959
0.0013597267927297097, -0.0024838266521738555, 0.01251703200340959
0.0025855049180646544, -0.0031028029743686656, 0.01251703200340959
0.0025855049180646544, -0.0031028029743686656, 0.01251703200340959
0.0025855049180646544, -0.0031028029743686656, 0.01251703200340959
0.0025855049180646544, -0.0031028029743686656, 0.01251703200340959
0.0021041079584358615, -0.0010394549614829677, 0.01251703200340959
0.0021041079584358615, -0.0010394549614829677, 0.01251703200340959
0.0021041079584358615, -0.0010394549614829677, 0.01251703200340959
0.0006842372286563823, -0.0019353580318319673, 0.01251703200340959
0.0006842372286563823, -0.0019353580318319673, 0.01251703200340959
0.0006842372286563823, -0.0019353580318319673, 0.01251703200340959
0.0006842372286563823, -0.0019353580318319673, 0.01251703200340959
0.0025660957559295932, -0.0032542902691523215, 0.01251703200340959
0.0025660957559295932, -0.0032542902691523215, 0.01251703200340959
0.0025660957559295932, -0.0032542902691523215, 0.01251703200340959
0.005000159365330003, -0.0017184619098174804, 0.01251703200340959
0.005000159365330003, -0.0017184619098174804, 0.01251703200340959
0.005000159365330003, -0.0017184619098174804, 0.01251703200340959
0.003899582443714038, -0.0015774513650000023, 0.01251703200340959
0.003899582443714038, -0.0015774513650000023, 0.01251703200340959
0.003899582443714038, -0.0015774513650000023, 0.01251703200340959
0.003899582443714038, -0.0015774513650000023, 6.264096564480319
0.005598013345877306, -0.0028728819914700205, 6.264096564480319
0.005598013345877306, -0.0028728819914700205, 6.264096564480319
0.005598013345877306, -0.0028728819914700205, 6.264096564480319
0.006321068202449811, -0.004505260734793431, 6.264096564480319
0.006321068202449811, -0.004505260734793431, 6.264096564480319
0.006321068202449811, -0.004505260734793431, 6.264096564480319
0.006321068202449811, -0.004505260734793431, 6.264096564480319
0.006321068202449811, -0.004505260734793431, 6.264096564480319
0.005095289909361916, -0.0038862916882522044, 6.264096564480319
0.005095289909361916, -0.0038862916882522044, 6.264096564480319
0.005095289909361916, -0.0038862916882522044, 6.264096564480319
0.001506254697653752, 0.00011496983861594999, 6.264096564480319
0.001506254697653752, 0.00011496983861594999, 6.264096564480319
0.001506254697653752, 0.00011496983861594999, 6.264096564480319
0.0023933295015851484, -0.001692409695210154, 6.264096564480319
0.0023933295015851484, -0.001692409695210154, 6.264096564480319
0.0023933295015851484, -0.001692409695210154, 6.264096564480319
0.0023933295015851484, -0.001692409695210154, 6.264096564480319
0.004777911925709982, -0.0019979323059693193, 6.264096564480319
0.004777911925709982, -0.0019979323059693193, 6.264096564480319
0.004777911925709982, -0.0019979323059693193, 6.264096564480319
0.004911859522234581, -0.0038627896560759017, 6.264096564480319
0.004911859522234581, -0.0038627896560759017, 6.264096564480319
0.004911859522234581, -0.0038627896560759017, 6.264096564480319
0.004911859522234581, -0.0038627896560759017, 6.264096564480319
0.0019080988506809953, -0.005479602537450837, 6.264096564480319
0.0019080988506809953, -0.005479602537450837, 6.264096564480319
0.0019080988506809953, -0.005479602537450837, 6.264096564480319
0.002479712525375763, -0.002473352203888837, 6.264096564480319
0.002479712525375763, -0.002473352203888837, 6.264096564480319
0.002479712525375763, -0.002473352203888837, 6.264096564480319
0.001551903354200144, -0.0038942155132751, 6.264096564480319
0.001551903354200144, -0.0038942155132751, 6.264096564480319
0.001551903354200144, -0.0038942155132751, 6.264096564480319
0.001551903354200144, -0.0038942155132751, 6.264096564480319
0.0026243240362207325, -0.0027998262684252456, 6.264096564480319
0.0026243240362207325, -0.0027998262684252456, 6.264096564480319
0.0026243240362207325, -0.0027998262684252456, 6.264096564480319
0.0034444240753793605, -0.003674775743262964, 6.264096564480319
0.0034444240753793605, -0.003674775743262964, 6.264096564480319
0.0034444240753793605, -0.003674775743262964, 6.264096564480319
0.006167710039370261, -0.0027918998861951438, 6.264096564480319
0.006167710039370261, -0.0027918998861951438, 6.264096564480319
0.006167710039370261, -0.0027918998861951438, 6.264096564480319
0.006167710039370261, -0.0027918998861951438, 6.264096564480319
0.007238215640055656, -0.004622769502960653, 6.264096564480319
0.007238215640055656, -0.004622769502960653, 6.264096564480319
0.007238215640055656, -0.004622769502960653, 6.264096564480319
0.008232998988881305, -0.004134333925523685, 6.264096564480319
0.008232998988881305, -0.004134333925523685, 6.264096564480319
0.008232998988881305, -0.004134333925523685, 6.264096564480319
0.00932291384337777, -0.00581371873449175, 6.264096564480319
0.00932291384337777, -0.00581371873449175, 6.264096564480319
0.00932291384337777, -0.00581371873449175, 6.264096564480319
0.00932291384337777, -0.00581371873449175, 6.264096564480319
0.009592725395395544, -0.006618163109546816, 6.264096564480319
0.009592725395395544, -0.006618163109546816, 6.264096564480319
0.009592725395395544, -0.006618163109546816, 6.264096564480319
0.010076040481217078, -0.005756238476088123, 6.264096564480319
0.010076040481217078, -0.005756238476088123, 6.264096564480319
0.010076040481217078, -0.005756238476088123, 6.264096564480319
0.010829167245842892, -0.005698760474502592, 6.264096564480319
0.010829167245842892, -0.005698760474502592, 6.264096564480319
0.010829167245842892, -0.005698760474502592, 6.264096564480319
0.010829167245842892, -0.005698760474502592, 6.264096564480319
0.011185362063524993, -0.007284142684653027, 6.264096564480319
0.011185362063524993, -0.007284142684653027, 6.264096564480319
0.011185362063524993, -0.007284142684653027, 6.264096564480319
0.010017812661262171, -0.006210702547036194, 6.264096564480319
0.010017812661262171, -0.006210702547036194, 6.264096564480319
0.010017812661262171, -0.006210702547036194, 6.264096564480319
0.010017812661262171, -0.006210702547036194, 6.264096564480319
0.010017812661262171, -0.006210702547036194, 6.264096564480319
0.011388202792888815, -0.0071561527738202915, 6.264096564480319
0.011388202792888815, -0.0071561527738202915, 6.264096564480319
0.011388202792888815, -0.0071561527738202915, 6.264096564480319
0.007490535362245154, -0.0026534306428310913, 6.264096564480319
0.007490535362245154, -0.0026534306428310913, 6.264096564480319
0.007490535362245154, -0.0026534306428310913, 6.264096564480319
0.007490535362245154, -0.0026534306428310913, 6.264096564480319
0.00820484299115964, -0.002898929462273039, 6.264096564480319
0.00820484299115964, -0.002898929462273039, 6.264096564480319
0.00820484299115964, -0.002898929462273039, 6.264096564480319
0.006361802994919769, -0.001277018191970174, 6.264096564480319
0.006361802994919769, -0.001277018191970174, 6.264096564480319
0.006361802994919769, -0.001277018191970174, 6.264096564480319
0.007626400273521289, -0.0015930175780534484, 6.264096564480319
0.007626400273521289, -0.0015930175780534484, 6.264096564480319
0.007626400273521289, -0.0015930175780534484, 6.264096564480319
0.007626400273521289, -0.0015930175780534484, 6.264096564480319
0.007065448314841046, -0.0030608959491460223, 6.264096564480319
0.007065448314841046, -0.0030608959491460223, 6.264096564480319
0.007065448314841046, -0.0030608959491460223, 6.264096564480319
0.007665218229131189, -0.0012900454052513536, 6.264096564480319
0.007665218229131189, -0.0012900454052513536, 6.264096564480319
0.007665218229131189, -0.0012900454052513536, 6.264096564480319
0.007809828836858944, -0.0016165192142617154, 6.264096564480319
0.007809828836858944, -0.0016165192142617154, 6.264096564480319
0.007809828836858944, -0.0016165192142617154, 6.264096564480319
0.0067762274914569525, -0.0024079364969724583, 6.264096564480319
0.0067762274914569525, -0.0024079364969724583, 6.264096564480319
0.0067762274914569525, -0.0024079364969724583, 6.264096564480319
0.0067762274914569525, -0.0024079364969724583, 6.264096564480319
0.00648700467653023, -0.0017549839244844424, 6.264096564480319
0.00648700467653023, -0.0017549839244844424, 6.264096564480319
0.00648700467653023, -0.0017549839244844424, 6.264096564480319
0.0074235617190521195, -0.001721005583173061, 6.264096564480319
0.0074235617190521195, -0.001721005583173061, 6.264096564480319
0.0074235617190521195, -0.001721005583173061, 6.264096564480319
0.0074235617190521195, -0.001721005583173061, 6.264096564480319
0.003774381942205003, -0.001099480984260351, 6.264096564480319
0.003774381942205003, -0.001099480984260351, 6.264096564480319
0.003774381942205003, -0.001099480984260351, 6.264096564480319
0.004132493372428695, 0.00024040261711112025, 6.264096564480319
0.004132493372428695, 0.00024040261711112025, 6.264096564480319
0.004132493372428695, 0.00024040261711112025, 6.264096564480319
0.003832609077505214, -0.0006450214015905417, 6.264096564480319
0.003832609077505214, -0.0006450214015905417, 6.264096564480319
0.003832609077505214, -0.0006450214015905417, 6.264096564480319
0.003813199897814904, -0.000796508811458256, 6.264096564480319
0.003813199897814904, -0.000796508811458256, 6.264096564480319
0.003813199897814904, -0.000796508811458256, 6.264096564480319
0.003813199897814904, -0.000796508811458256, 6.264096564480319
0.004363488367400511, -0.000867014026324966, 6.264096564480319
0.004363488367400511, -0.000867014026324966, 6.264096564480319
0.004363488367400511, -0.000867014026324966, 6.264096564480319
0.0047216013112753525, 0.00047287640986898945, 6.264096564480319
0.0047216013112753525, 0.00047287640986898945, 6.264096564480319
0.0047216013112753525, 0.00047287640986898945, 6.264096564480319
0.004749756515111059, -0.0007625301697577638, 6.264096564480319
0.004749756515111059, -0.0007625301697577638, 6.264205222864609
0.004749756515111059, -0.0007625301697577638, 6.264294015507469
0.004749756515111059, -0.0007625301697577638, 6.264294015507469
0.004807985019720663, -0.000308061610531432, 6.264294015507469
0.004807985019720663, -0.000308061610531432, 6.264294015507469
0.004807985019720663, -0.000308061610531432, 6.264294015507469
0.004807985019720663, -0.000308061610531432, 6.264294015507469
0.004807985019720663, -0.000308061610531432, 6.264294015507469
0.004208214184758055, -0.002078912013984111, 6.264294015507469
0.004208214184758055, -0.002078912013984111, 6.264294015507469
0.004208214184758055, -0.002078912013984111, 6.264294015507469
0.0030105917060398004, -0.002695342456721107, 6.264294015507469
0.0030105917060398004, -0.002695342456721107, 6.264294015507469
0.0030105917060398004, -0.002695342456721107, 6.264294015507469
0.0030105917060398004, -0.002695342456721107, 6.264294015507469
0.0018537033585480013, -8.352542752548516e-05, 6.264294015507469
0.0018537033585480013, -8.352542752548516e-05, 6.264294015507469
0.0018537033585480013, -8.352542752548516e-05, 6.264294015507469
0.003262911906120778, -0.0007260035517284824, 6.264294015507469
0.003262911906120778, -0.0007260035517284824, 6.264294015507469
0.003262911906120778, -0.0007260035517284824, 6.264294015507469
0.00267380548092527, -0.0009584705096638672, 6.264294015507469
0.00267380548092527, -0.0009584705096638672, 6.264294015507469
0.00267380548092527, -0.0009584705096638672, 6.264294015507469
0.00267380548092527, -0.0009584705096638672, 6.264294015507469
0.0023651736130947455, -0.000457007603861662, 6.264294015507469
0.0023651736130947455, -0.000457007603861662, 6.264294015507469
0.0023651736130947455, -0.000457007603861662, 6.264294015507469
0.004063603594585549, -0.0017524380898896914, 6.264294015507469
0.004063603594585549, -0.0017524380898896914, 6.264294015507469
0.004063603594585549, -0.0017524380898896914, 6.264294015507469
0.004536255082081188, -0.002428894670488128, 6.264294015507469
0.004536255082081188, -0.002428894670488128, 6.264294015507469
0.004536255082081188, -0.002428894670488128, 6.264294015507469
0.004536255082081188, -0.002428894670488128, 6.264294015507469
0.0033881134609447306, -0.0012039670274246548, 6.264294015507469
0.0033881134609447306, -0.0012039670274246548, 6.264294015507469
0.0033881134609447306, -0.0012039670274246548, 6.264294015507469
0.003955894571799817, -0.0040482532460158266, 6.264294015507469
0.003955894571799817, -0.0040482532460158266, 6.264294015507469
0.003955894571799817, -0.0040482532460158266, 6.264294015507469
0.0038976660496349656, -0.004502721920326217, 6.264294015507469
0.0038976660496349656, -0.004502721920326217, 6.264294015507469
0.0038976660496349656, -0.004502721920326217, 6.264294015507469
0.0038976660496349656, -0.004502721920326217, 6.264294015507469
0.003077565567695354, -0.003627772260183446, 6.264294015507469
0.003077565567695354, -0.003627772260183446, 6.264294015507469
0.003077565567695354, -0.003627772260183446, 6.264294015507469
-0.0002542367950673204, -0.004894604601430473, 6.264294015507469
-0.0002542367950673204, -0.004894604601430473, 6.264294015507469
-0.0002542367950673204, -0.004894604601430473, 6.264294015507469
-0.0002542367950673204, -0.004894604601430473, 6.264294015507469
-0.00044641222910207497, -0.003484211437356019, 6.264294015507469
-0.00044641222910207497, -0.003484211437356019, 6.264294015507469
-0.00044641222910207497, -0.003484211437356019, 6.264294015507469
-0.0007550431411496388, -0.0029827484418276868, 6.264294015507469
-0.0007550431411496388, -0.0029827484418276868, 6.264294015507469
-0.0007550431411496388, -0.0029827484418276868, 6.264294015507469
9.512918057846554e-05, -0.002167829452687682, 6.264294015507469
9.512918057846554e-05, -0.002167829452687682, 6.264294015507469
9.512918057846554e-05, -0.002167829452687682, 6.264294015507469
0.0016790202497882517, -0.001446915338688537, 6.264294015507469
0.0016790202497882517, -0.001446915338688537, 6.264294015507469
0.0016790202497882517, -0.001446915338688537, 6.264294015507469
0.0016790202497882517, -0.001446915338688537, 6.264294015507469
0.0025466862426895597, -0.0034057798656171377, 6.264294015507469
0.0025466862426895597, -0.0034057798656171377, 6.264294015507469
0.0025466862426895597, -0.0034057798656171377, 6.264294015507469
0.004130576978349621, -0.0026848679382150942, 6.232806138299257
0.004130576978349621, -0.0026848679382150942, 6.264294015507469
0.004130576978349621, -0.0026848679382150942, 6.264294015507469
0.004130576978349621, -0.0026848679382150942, 6.264294015507469
0.004130576978349621, -0.0026848679382150942, 6.264294015507469
0.0037724646274534665, -0.004024751399144576, 6.232806138299257
0.0037724646274534665, -0.004024751399144576, 6.264294015507469
0.0037724646274534665, -0.004024751399144576, 6.264294015507469
0.0035308070816147262, -0.004455718367025704, 6.264294015507469
0.0035308070816147262, -0.004455718367025704, 6.248539218384726
0.0035308070816147262, -0.004455718367025704, 6.232806138299257
0.0027776807773251437, -0.00451319643883223, 6.232806138299257
0.0027776807773251437, -0.00451319643883223, 6.264294015507469
0.0027776807773251437, -0.00451319643883223, 6.264294015507469
0.0027776807773251437, -0.00451319643883223, 6.232806138299257
0.0047954046937659705, -0.0047717155665118775, 6.23294721423047
0.0047954046937659705, -0.0047717155665118775, 6.23294721423047
0.0047954046937659705, -0.0047717155665118775, 6.23294721423047
0.0060493382472550875, -0.006626093909834185, 6.23294721423047
0.0060493382472550875, -0.006626093909834185, 6.23294721423047
0.0060493382472550875, -0.006626093909834185, 6.23294721423047
0.003839439282994975, -0.004957179086230808, 6.23294721423047
0.003839439282994975, -0.004957179086230808, 6.23294721423047
0.003839439282994975, -0.004957179086230808, 6.23294721423047
0.003839439282994975, -0.004957179086230808, 6.23294721423047
0.005104035163032551, -0.005273178376735157, 6.23294721423047
0.005104035163032551, -0.005273178376735157, 6.23294721423047
0.005104035163032551, -0.005273178376735157, 6.23294721423047
0.00450426618697012, -0.007044028945987756, 6.23294721423047
0.00450426618697012, -0.007044028945987756, 6.23294721423047
0.00450426618697012, -0.007044028945987756, 6.23294721423047
0.00450426618697012, -0.007044028945987756, 6.23294721423047
0.006455016702091625, -0.00637011834042606, 6.264412252458022
0.006455016702091625, -0.00637011834042606, 6.264412252458022
0.006455016702091625, -0.00637011834042606, 6.23294721423047
0.006821876130448096, -0.006417121963947566, 6.23294721423047
0.006821876130448096, -0.006417121963947566, 6.23294721423047
0.006821876130448096, -0.006417121963947566, 6.264412252458022
0.00553786926448578, -0.006252609572258838, 6.248668922672032
0.00553786926448578, -0.006252609572258838, 6.23294721423047
0.00553786926448578, -0.006252609572258838, 6.23294721423047
0.00553786926448578, -0.006252609572258838, 6.23294721423047
0.004184972252020097, -0.008080940304336138, 6.23294721423047
0.004184972252020097, -0.008080940304336138, 6.23294721423047
0.004184972252020097, -0.008080940304336138, 6.23294721423047
0.004493603158211715, -0.008582412602168035, 6.23294721423047
0.004493603158211715, -0.008582412602168035, 6.23294721423047
0.004493603158211715, -0.008582412602168035, 6.23294721423047
0.0036754186100149445, -0.004782192316478055, 6.23294721423047
0.0036754186100149445, -0.004782192316478055, 6.23294721423047
0.0036754186100149445, -0.004782192316478055, 6.23294721423047
0.0033755333768637516, -0.005667616309821787, 6.23294721423047
0.0033755333768637516, -0.005667616309821787, 6.23294721423047
0.0033755333768637516, -0.005667616309821787, 6.23294721423047
0.0033755333768637516, -0.005667616309821787, 6.23294721423047
0.004215043832379629, -0.006391076443720735, 6.23294721423047
0.004215043832379629, -0.006391076443720735, 6.23294721423047
0.004215043832379629, -0.006391076443720735, 6.23294721423047
0.004215043832379629, -0.006391076443720735, 6.23294721423047
0.0037229831827489284, -0.0058661071579059545, 6.23294721423047
0.0037229831827489284, -0.0058661071579059545, 6.23294721423047
0.0037229831827489284, -0.0058661071579059545, 6.23294721423047
0.005846499250004934, -0.0067540817296487445, 6.23294721423047
0.005846499250004934, -0.0067540817296487445, 6.23294721423047
0.005846499250004934, -0.0067540817296487445, 6.23294721423047
0.005112782217081672, -0.006660074878573768, 6.23294721423047
0.005112782217081672, -0.006660074878573768, 6.23294721423047
0.005112782217081672, -0.006660074878573768, 6.264412252458022
0.005112782217081672, -0.006660074878573768, 6.248668922672032
0.005112782217081672, -0.006660074878573768, 6.23294721423047
0.007400317944969234, -0.00772303359264111, 6.23294721423047
0.007400317944969234, -0.00772303359264111, 6.23294721423047
0.007400317944969234, -0.00772303359264111, 6.23294721423047
-0.0006085147758893646, -0.00038395202125887597, 6.23294721423047
-0.0006085147758893646, -0.00038395202125887597, 6.23294721423047
-0.0006085147758893646, -0.00038395202125887597, 6.23294721423047
-0.0006085147758893646, -0.00038395202125887597, 6.23294721423047
-0.00031929347461379077, -0.0010369114285693761, 6.23294721423047
-0.00031929347461379077, -0.0010369114285693761, 6.23294721423047
-0.00031929347461379077, -0.0010369114285693761, 6.23294721423047
0.0011287331787665895, -0.0013764102194007526, 6.23294721423047
0.0011287331787665895, -0.0013764102194007526, 6.23294721423047
0.0011287331787665895, -0.0013764102194007526, 6.23294721423047
0.00026981264044318755, -0.0008044372398434709, 6.23294721423047
0.00026981264044318755, -0.0008044372398434709, 6.23294721423047
0.00026981264044318755, -0.0008044372398434709, 6.23294721423047
0.00026981264044318755, -0.0008044372398434709, 6.23294721423047
0.002865981098312046, -0.002368868647710745, 6.23294721423047
0.002865981098312046, -0.002368868647710745, 6.23294721423047
0.002865981098312046, -0.002368868647710745, 6.233483156292632
0.0023933295015851484, -0.001692409695210154, 6.233483156292632
0.0023933295015851484, -0.001692409695210154, 6.233483156292632
0.0023933295015851484, -0.001692409695210154, 6.233483156292632
0.0023933295015851484, -0.001692409695210154, 6.233483156292632
0.001996398233440185, -0.003335274720971422, 6.233483156292632
0.001996398233440185, -0.003335274720971422, 6.233483156292632
0.001996398233440185, -0.003335274720971422, 6.233483156292632
0.003030000517069889, -0.00254385746361861, 6.233483156292632
0.003030000517069889, -0.00254385746361861, 6.233483156292632
0.003030000517069889, -0.00254385746361861, 6.233483156292632
0.0027301166649273917, -0.003429281667625325, 6.233483156292632
0.0027301166649273917, -0.003429281667625325, 6.233483156292632
0.0027301166649273917, -0.003429281667625325, 6.233483156292632
0.0027301166649273917, -0.003429281667625325, 6.233483156292632
0.0035113982705846382, -0.004607203360128201, 6.233483156292632
0.0035113982705846382, -0.004607203360128201, 6.233483156292632
0.0035113982705846382, -0.004607203360128201, 6.233483156292632
0.0012451880072351998, -0.0004674843089647766, 6.233483156292632
0.0012451880072351998, -0.0004674843089647766, 6.233483156292632
0.0012451880072351998, -0.0004674843089647766, 6.233483156292632
0.0015819737720134982, -0.002204356185801022, 6.233483156292632
0.0015819737720134982, -0.002204356185801022, 6.233483156292632
0.0015819737720134982, -0.002204356185801022, 6.233483156292632
0.0015926377038891178, -0.0006659727851467908, 6.233483156292632
0.0015926377038891178, -0.0006659727851467908, 6.233483156292632
0.0015926377038891178, -0.0006659727851467908, 6.233483156292632
0.0015926377038891178, -0.0006659727851467908, 6.233483156292632
0.0015150004799254363, -0.0012719288244618316, 6.233483156292632
0.0015150004799254363, -0.0012719288244618316, 6.233483156292632
0.0015150004799254363, -0.0012719288244618316, 6.233483156292632
0.002315692646281688, -0.002298363317759977, 6.233483156292632
0.002315692646281688, -0.002298363317759977, 6.233483156292632
0.002315692646281688, -0.002298363317759977, 6.233483156292632
0.002499121669955576, -0.0023218650241892385, 6.233483156292632
0.002499121669955576, -0.0023218650241892385, 6.233483156292632
0.002499121669955576, -0.0023218650241892385, 6.233483156292632
0.002499121669955576, -0.0023218650241892385, 6.233483156292632
0.0026718895471824293, -0.0038837411352110763, 6.233483156292632
0.0026718895471824293, -0.0038837411352110763, 6.233483156292632
0.0026718895471824293, -0.0038837411352110763, 6.233483156292632
0.0025078682870796586, -0.0037087520384192327, 6.233483156292632
0.0025078682870796586, -0.0037087520384192327, 6.233483156292632
0.0025078682870796586, -0.0037087520384192327, 6.233483156292632
0.0025078682870796586, -0.0037087520384192327, 6.233483156292632
0.0025078682870796586, -0.0037087520384192327, 6.233483156292632
0.0032134300010800082, -0.0025673592402688664, 6.233483156292632
0.0032134300010800082, -0.0025673592402688664, 6.233483156292632
0.0032134300010800082, -0.0025673592402688664, 6.233483156292632
0.0032134300010800082, -0.0025673592402688664, 6.233483156292632
-0.0040849285578209975, -0.0013243127849557057, 6.233483156292632
-0.0040849285578209975, -0.0013243127849557057, 6.233483156292632
-0.0040849285578209975, -0.0013243127849557057, 6.233483156292632
-0.0024428096335458067, -0.00014893436984037375, 6.233483156292632
-0.0024428096335458067, -0.00014893436984037375, 6.233483156292632
-0.0024428096335458067, -0.00014893436984037375, 6.233483156292632
-0.0010054472982565159, -0.002026819093175257, 6.233483156292632
-0.0010054472982565159, -0.002026819093175257, 6.233483156292632
-0.0010054472982565159, -0.002026819093175257, 6.233483156292632
-0.0010054472982565159, -0.002026819093175257, 6.233483156292632
-0.0024059085323512104, -0.0027712326821434986, 6.233483156292632
-0.0024059085323512104, -0.0027712326821434986, 6.233483156292632
-0.0024059085323512104, -0.0027712326821434986, 6.233483156292632
-4.948072493934382e-05, -0.0018413510403150013, 6.233483156292632
-4.948072493934382e-05, -0.0018413510403150013, 6.233483156292632
-4.948072493934382e-05, -0.0018413510403150013, 6.233483156292632
0.0011374788752182086, -0.0027632970931887576, 6.233483156292632
0.0011374788752182086, -0.0027632970931887576, 6.233483156292632
0.0011374788752182086, -0.0027632970931887576, 6.233483156292632
0.0011374788752182086, -0.0027632970931887576, 6.233483156292632
0.0012714264541875586, -0.004628154558379398, 6.233483156292632
0.0012714264541875586, -0.004628154558379398, 6.233483156292632
0.0012714264541875586, -0.004628154558379398, 6.233483156292632
0.00025531706540035063, -0.008193357333092864, 6.233483156292632
0.00025531706540035063, -0.008193357333092864, 6.233483156292632
0.00025531706540035063, -0.008193357333092864, 6.233483156292632
0.0018799426110856189, -0.004244202747783505, 6.233483156292632
0.0018799426110856189, -0.004244202747783505, 6.233483156292632
0.0018799426110856189, -0.004244202747783505, 6.233483156292632
0.0022662109831146316, -0.0041397143327170476, 6.233483156292632
0.0022662109831146316, -0.0041397143327170476, 6.233483156292632
0.0022662109831146316, -0.0041397143327170476, 6.233483156292632
0.0022662109831146316, -0.0041397143327170476, 6.233483156292632
-0.0004639043924800747, -0.0007104303887684937, 6.233483156292632
-0.0004639043924800747, -0.0007104303887684937, 6.233483156292632
-0.0004639043924800747, -0.0007104303887684937, 6.233483156292632
-0.0010336020242007425, -0.00079141246868544, 6.233483156292632
-0.0010336020242007425, -0.00079141246868544, 6.233483156292632
-0.0010336020242007425, -0.00079141246868544, 6.233483156292632
-0.00010770819378927863, -0.002295812809581912, 6.233483156292632
-0.00010770819378927863, -0.002295812809581912, 6.233483156292632
-0.00010770819378927863, -0.002295812809581912, 6.2330411499234275
-0.00010770819378927863, -0.002295812809581912, 6.2330411499234275
0.0002785591073695682, -0.002191331414642991, 6.2330411499234275
0.0002785591073695682, -0.002191331414642991, 6.2330411499234275
0.0002785591073695682, -0.002191331414642991, 6.2330411499234275
0.0004037618422949464, -0.002669290242113781, 6.2330411499234275
0.0004037618422949464, -0.002669290242113781, 6.2330411499234275
0.0004037618422949464, -0.002669290242113781, 6.2330411499234275
0.0008570038165505511, -0.0034972364191770333, 6.2330411499234275
0.0008570038165505511, -0.0034972364191770333, 6.2330411499234275
0.0008570038165505511, -0.0034972364191770333, 6.2330411499234275
0.0008570038165505511, -0.0034972364191770333, 6.2330411499234275
0.0011462246574898928, -0.00415019575626654, 6.2330411499234275
0.0011462246574898928, -0.00415019575626654, 6.2330411499234275
0.0011462246574898928, -0.00415019575626654, 6.2330411499234275
0.0010899147452652076, -0.001679382437065911, 6.2330411499234275
0.0010899147452652076, -0.001679382437065911, 6.2330411499234275
0.0010899147452652076, -0.001679382437065911, 6.2330411499234275
0.0010899147452652076, -0.001679382437065911, 6.2330411499234275
0.0010899147452652076, -0.001679382437065911, 6.2330411499234275
0.0014179542440243959, -0.0020293649979910024, 6.2330411499234275
0.0014179542440243959, -0.0020293649979910024, 6.2330411499234275
0.0014179542440243959, -0.0020293649979910024, 6.2330411499234275
0.002701960206869497, -0.002193877134153684, 6.2330411499234275
0.002701960206869497, -0.002193877134153684, 6.2330411499234275
0.002701960206869497, -0.002193877134153684, 6.2330411499234275
0.002701960206869497, -0.002193877134153684, 6.2330411499234275
0.0002115852808245121, -0.001258901381012536, 6.2330411499234275
0.0002115852808245121, -0.001258901381012536, 6.2330411499234275
0.0002115852808245121, -0.001258901381012536, 6.2330411499234275
0.0012820898106397412, -0.003089778017905582, 6.2330411499234275
0.0012820898106397412, -0.003089778017905582, 6.2330411499234275
0.0012820898106397412, -0.003089778017905582, 6.2330411499234275
0.0015732285417540566, -0.0008174600799304471, 6.2330411499234275
0.0015732285417540566, -0.0008174600799304471, 6.2330411499234275
0.0015732285417540566, -0.0008174600799304471, 6.2330411499234275
0.0015732285417540566, -0.0008174600799304471, 6.2330411499234275
0.0015819737720134982, -0.002204356185801022, 6.2330411499234275
0.0015819737720134982, -0.002204356185801022, 6.2330411499234275
0.0015819737720134982, -0.002204356185801022, 6.2330411499234275
0.00035811366364003503, 0.001339895154640333, 6.2330411499234275
0.00035811366364003503, 0.001339895154640333, 6.2330411499234275
0.00035811366364003503, 0.001339895154640333, 6.2330411499234275
0.0017566571226469607, -0.0008409616010546561, 6.2330411499234275
0.0017566571226469607, -0.0008409616010546561, 6.2330411499234275
0.0017566571226469607, -0.0008409616010546561, 6.2330411499234275
0.0017566571226469607, -0.0008409616010546561, 6.2330411499234275
0.001814884700728155, -0.0003865022036898994, 6.2330411499234275
0.001814884700728155, -0.0003865022036898994, 6.2330411499234275
0.001814884700728155, -0.0003865022036898994, 6.2330411499234275
0.0018537033585480013, -8.352542752548516e-05, 6.2330411499234275
0.0018537033585480013, -8.352542752548516e-05, 6.2330411499234275
0.0018537033585480013, -8.352542752548516e-05, 6.2330411499234275
0.0008889922513253868, 0.0011178979265435893, 6.2330411499234275
0.0008889922513253868, 0.0011178979265435893, 6.2330411499234275
0.0008889922513253868, 0.0011178979265435893, 6.2330411499234275
0.0008889922513253868, 0.0011178979265435893, 6.2330411499234275
0.001631456119835251, -0.00036300068256569037, 6.2330411499234275
0.001631456119835251, -0.00036300068256569037, 6.2330411499234275
0.001631456119835251, -0.00036300068256569037, 6.2330411499234275
-0.0008006913373597988, 0.0010264368398423688, 6.2330411499234275
-0.0008006913373597988, 0.0010264368398423688, 6.2330411499234275
-0.0008006913373597988, 0.0010264368398423688, 6.2330411499234275
-0.0013121611315703107, 0.001399918945957551, 6.2330411499234275
-0.0013121611315703107, 0.001399918945957551, 6.2330411499234275
-0.0013121611315703107, 0.001399918945957551, 6.2330411499234275
-0.0013121611315703107, 0.001399918945957551, 6.2330411499234275
-0.0006260075263901043, 0.00238983135436774, 6.2330411499234275
-0.0006260075263901043, 0.00238983135436774, 6.2330411499234275
-0.0006260075263901043, 0.00238983135436774, 6.2330411499234275
0.00037752245711487507, 0.0014913800326587716, 6.2330411499234275
0.00037752245711487507, 0.0014913800326587716, 6.2330411499234275
0.00037752245711487507, 0.0014913800326587716, 6.2330411499234275
-0.0007618726795399525, 0.001329413616006783, 6.2330411499234275
-0.0007618726795399525, 0.001329413616006783, 6.2330411499234275
-0.0007618726795399525, 0.001329413616006783, 6.2330411499234275
-0.0007618726795399525, 0.001329413616006783, 6.2330411499234275
0.0002717299376394755, 0.002120833059956696, 6.2330411499234275
0.0002717299376394755, 0.002120833059956696, 6.2330411499234275
0.0002717299376394755, 0.002120833059956696, 6.2330411499234275
-0.0015344092734002764, 0.0011204439464433929, 6.2330411499234275
-0.0015344092734002764, 0.0011204439464433929, 6.2330411499234275
-0.0015344092734002764, 0.0011204439464433929, 6.2330411499234275
-0.0015344092734002764, 0.0011204439464433929, 6.2330411499234275
-0.0015344092734002764, 0.0011204439464433929, 6.2330411499234275
0.0005522053240009114, 0.00285476527023851, 6.2330411499234275
0.0005522053240009114, 0.00285476527023851, 6.2330411499234275
0.0005522053240009114, 0.00285476527023851, 6.2330411499234275
-1.7491939059535277e-05, 0.002773785607086781, 6.2330411499234275
-1.7491939059535277e-05, 0.002773785607086781, 6.2330411499234275
-1.7491939059535277e-05, 0.002773785607086781, 6.2330411499234275
-1.7491939059535277e-05, 0.002773785607086781, 6.2330411499234275
0.00014652838281552292, 0.002598796535652869, 6.2330411499234275
0.00014652838281552292, 0.002598796535652869, 6.2330411499234275
0.00014652838281552292, 0.002598796535652869, 6.2330411499234275
-0.0008482570492287658, 0.0021103565655165653, 6.2330411499234275
-0.0008482570492287658, 0.0021103565655165653, 6.26449097996888
-0.0008482570492287658, 0.0021103565655165653, 6.2330411499234275
-0.0007706204357990185, 0.0027163055144830747, 6.2330411499234275
-0.0007706204357990185, 0.0027163055144830747, 6.2330411499234275
-0.0007706204357990185, 0.0027163055144830747, 6.2330411499234275
-0.0007706204357990185, 0.0027163055144830747, 6.26449097996888
-0.000712392155507879, 0.0031707695152101505, 6.2330411499234275
-0.000712392155507879, 0.0031707695152101505, 6.2330411499234275
-0.000712392155507879, 0.0031707695152101505, 6.2330411499234275
0.0006774071382538258, 0.0023768065832097092, 6.2330411499234275
0.0006774071382538258, 0.0023768065832097092, 6.2330411499234275
0.0006774071382538258, 0.0023768065832097092, 6.2330411499234275
0.000880245876075017, 0.0025047896143568973, 6.2330411499234275
0.000880245876075017, 0.0025047896143568973, 6.2330411499234275
0.000880245876075017, 0.0025047896143568973, 6.2330411499234275
0.000880245876075017, 0.0025047896143568973, 6.2330411499234275
0.00015527429772966086, 0.0012119049180605553, 6.2330411499234275
0.00015527429772966086, 0.0012119049180605553, 6.2330411499234275
0.00015527429772966086, 0.0012119049180605553, 6.2330411499234275
0.0012927521196329519, -0.0015513990801716813, 6.2330411499234275
0.0012927521196329519, -0.0015513990801716813, 6.2330411499234275
0.0012927521196329519, -0.0015513990801716813, 6.2330411499234275
0.0019206780140895103, -0.001015953114611717, 6.2330411499234275
0.0019206780140895103, -0.001015953114611717, 6.2330411499234275
0.0019206780140895103, -0.001015953114611717, 6.2330411499234275
0.0019206780140895103, -0.001015953114611717, 6.2330411499234275
0.0019206780140895103, -0.001015953114611717, 6.2330411499234275
0.0019206780140895103, -0.001015953114611717, 6.2330411499234275
0.0019206780140895103, -0.001015953114611717, 6.2330411499234275
0.0017954755385930939, -0.0005379894984735556, 6.2330411499234275
0.0017954755385930939, -0.0005379894984735556, 6.2330411499234275
0.0017954755385930939, -0.0005379894984735556, 6.2330411499234275
-0.0012840054849536204, 0.0001645121810257452, 6.2330411499234275
-0.0012840054849536204, 0.0001645121810257452, 6.2330411499234275
-0.0012840054849536204, 0.0001645121810257452, 6.26449097996888
-0.0012840054849536204, 0.0001645121810257452, 6.26449097996888
-0.00034744866089424925, 0.00019849526614143517, 6.2330411499234275
-0.00034744866089424925, 0.00019849526614143517, 6.2330411499234275
-0.00034744866089424925, 0.00019849526614143517, 6.2330411499234275
0.0005308791982192862, -0.00022199013774821223, 6.26449097996888
0.0005308791982192862, -0.00022199013774821223, 6.26449097996888
0.0005308791982192862, -0.00022199013774821223, 6.2330411499234275
0.0003756056026995703, -0.001433890452446448, 6.2330411499234275
0.0003756056026995703, -0.001433890452446448, 6.2330411499234275
0.0003756056026995703, -0.001433890452446448, 6.2330411499234275
0.0006366725291358902, -0.000851440933585972, 6.26449097996888
0.0006366725291358902, -0.000851440933585972, 6.2330411499234275
0.0006366725291358902, -0.000851440933585972, 6.2330411499234275
0.0006366725291358902, -0.000851440933585972, 6.2330411499234275
0.0012151152643294916, -0.0021573527027215042, 6.248755286074803
0.0012151152643294916, -0.0021573527027215042, 6.26449097996888
0.0012151152643294916, -0.0021573527027215042, 6.2330411499234275
0.0012151152643294916, -0.0021573527027215042, 6.2330411499234275
0.0012151152643294916, -0.0021573527027215042, 6.2330411499234275
0.001437364108369402, -0.0018778730998450267, 6.2330411499234275
0.001437364108369402, -0.0018778730998450267, 6.26449097996888
0.001437364108369402, -0.0018778730998450267, 6.248755286074803
0.002151672197620122, -0.0021233719895079684, 6.2330411499234275
0.002151672197620122, -0.0021233719895079684, 6.2330411499234275
0.002151672197620122, -0.0021233719895079684, 6.2330411499234275
0.002151672197620122, -0.0021233719895079684, 6.2330411499234275
0.0018624501941346032, -0.0014704171855597877, 6.2330411499234275
0.0018624501941346032, -0.0014704171855597877, 6.2330411499234275
0.0018624501941346032, -0.0014704171855597877, 6.2330411499234275
-0.0010617581311536649, 0.00044399436646736033, 6.2330411499234275
-0.0010617581311536649, 0.00044399436646736033, 6.2330411499234275
-0.0010617581311536649, 0.00044399436646736033, 6.2330411499234275
-0.0014975063074495578, -0.001501845229356088, 6.26449097996888
-0.0014975063074495578, -0.001501845229356088, 6.26449097996888
-0.0014975063074495578, -0.001501845229356088, 6.26449097996888
-0.0014975063074495578, -0.001501845229356088, 6.26449097996888
-0.0007249708761354111, -0.0012928800929340226, 6.26449097996888
-0.0007249708761354111, -0.0012928800929340226, 6.2330411499234275
-0.0007249708761354111, -0.0012928800929340226, 6.248755286074803
-0.0008695828473166126, -0.0009664059581766191, 6.26449097996888
-0.0008695828473166126, -0.0009664059581766191, 6.26449097996888
-0.0008695828473166126, -0.0009664059581766191, 6.248755286074803
0.0006172629066645971, -0.0010029281581486337, 6.2330411499234275
0.0006172629066645971, -0.0010029281581486337, 6.2330411499234275
0.0006172629066645971, -0.0010029281581486337, 6.26449097996888
0.0006172629066645971, -0.0010029281581486337, 6.26449097996888
0.0006842372286563823, -0.0019353580318319673, 6.26449097996888
0.0006842372286563823, -0.0019353580318319673, 6.2330411499234275
0.0006842372286563823, -0.0019353580318319673, 6.2330411499234275
0.0021710820444098794, -0.001971880206446051, 6.26449097996888
0.0021710820444098794, -0.001971880206446051, 6.26449097996888
0.0021710820444098794, -0.001971880206446051, 6.26449097996888
0.0015713121476749838, -0.0037427306352566616, 6.2330411499234275
0.0015713121476749838, -0.0037427306352566616, 6.248755286074803
0.0015713121476749838, -0.0037427306352566616, 6.26449097996888
0.0015713121476749838, -0.0037427306352566616, 6.26449097996888
0.0023545115459752478, -0.001995381868012249, 6.26449097996888
0.0023545115459752478, -0.001995381868012249, 6.2330411499234275
0.0023545115459752478, -0.001995381868012249, 6.2330411499234275
0.003329885640989823, -0.0016584310983727255, 6.26449097996888
0.003329885640989823, -0.0016584310983727255, 6.26449097996888
0.003329885640989823, -0.0016584310983727255, 6.26449097996888
0.003329885640989823, -0.0016584310983727255, 6.2330411499234275
0.0029630275936420483, -0.0016114276855142022, 6.248755286074803
0.0029630275936420483, -0.0016114276855142022, 6.26449097996888
0.0029630275936420483, -0.0016114276855142022, 6.26449097996888
-0.0008589184551047611, 0.0005719773722566174, 6.26449097996888
-0.0008589184551047611, 0.0005719773722566174, 6.26449097996888
-0.0008589184551047611, 0.0005719773722566174, 6.26449097996888
0.00011645563990981468, 0.000908928141896141, 6.26449097996888
0.00011645563990981468, 0.000908928141896141, 6.26449097996888
0.00011645563990981468, 0.000908928141896141, 6.26449097996888
0.0003862679292480297, 0.00010448860037151053, 6.26449097996888
0.0003862679292480297, 0.00010448860037151053, 6.26449097996888
0.0003862679292480297, 0.00010448860037151053, 6.26449097996888
0.0003862679292480297, 0.00010448860037151053, 6.26449097996888
0.0007337179535957261, -9.400699151696611e-05, 6.26449097996888
0.0007337179535957261, -9.400699151696611e-05, 6.26449097996888
0.0007337179535957261, -9.400699151696611e-05, 6.26449097996888
0.0020565431672393587, 4.4464623749239894e-05, 6.26449097996888
0.0020565431672393587, 4.4464623749239894e-05, 6.26449097996888
0.0020565431672393587, 4.4464623749239894e-05, 6.26449097996888
0.0020565431672393587, 4.4464623749239894e-05, 6.26449097996888
0.0020565431672393587, 4.4464623749239894e-05, 6.26449097996888
0.0019294240557901562, -0.0024028469890221265, 6.26449097996888
0.0019294240557901562, -0.0024028469890221265, 6.26449097996888
0.0019294240557901562, -0.0024028469890221265, 6.26449097996888
0.0038219465324942363, -0.002183395710604192, 6.26449097996888
0.0038219465324942363, -0.002183395710604192, 6.26449097996888
0.0038219465324942363, -0.002183395710604192, 6.26449097996888
0.0038219465324942363, -0.002183395710604192, 6.26449097996888
0.0009734591229106418, -0.002588310463877994, 6.26449097996888
0.0009734591229106418, -0.002588310463877994, 6.26449097996888
0.0009734591229106418, -0.002588310463877994, 6.26449097996888
0.0032804041962852856, -0.0034997868571341037, 6.26449097996888
0.0032804041962852856, -0.0034997868571341037, 6.26449097996888
0.0032804041962852856, -0.0034997868571341037, 6.26449097996888
-0.0017954751640769271, 0.0005380012175423374, 6.26449097996888
-0.0017954751640769271, 0.0005380012175423374, 6.26449097996888
-0.0017954751640769271, 0.0005380012175423374, 6.26449097996888
-0.0004920594695292738, 0.0005249739340401634, 6.26449097996888
-0.0004920594695292738, 0.0005249739340401634, 6.26449097996888
-0.0004920594695292738, 0.0005249739340401634, 6.26449097996888
-0.0004920594695292738, 0.0005249739340401634, 6.26449097996888
-0.00132282345811877, -0.00013846010686040776, 6.26449097996888
-0.00132282345811877, -0.00013846010686040776, 6.26449097996888
-0.00132282345811877, -0.00013846010686040776, 6.26449097996888
-0.0008977375908160879, 0.00026900055122913973, 6.26449097996888
-0.0008977375908160879, 0.00026900055122913973, 6.26449097996888
-0.0008977375908160879, 0.00026900055122913973, 6.26449097996888
-0.0008977375908160879, 0.00026900055122913973, 6.26449097996888
0.002509785159050212, -0.0007834814382299549, 6.26449097996888
0.002509785159050212, -0.0007834814382299549, 6.26449097996888
0.002509785159050212, -0.0007834814382299549, 6.26449097996888
0.003418185501640494, 0.00048589676296975366, 6.26449097996888
0.003418185501640494, 0.00048589676296975366, 6.26449097996888
0.003418185501640494, 0.00048589676296975366, 6.26449097996888
0.004247032618259436, -0.001775939796318953, 6.26449097996888
0.004247032618259436, -0.001775939796318953, 6.26449097996888
0.004247032618259436, -0.001775939796318953, 6.26449097996888
0.004247032618259436, -0.001775939796318953, 6.26449097996888
0.007375996927855616, -0.0006370859979408532, 6.26449097996888
0.007375996927855616, -0.0006370859979408532, 6.26449097996888
0.007375996927855616, -0.0006370859979408532, 6.26449097996888
0.012058778067659972, -0.0004671931990587626, 6.26449097996888
0.012058778067659972, -0.0004671931990587626, 6.26449097996888
0.012058778067659972, -0.0004671931990587626, 6.26449097996888
0.019898680066794416, -0.0003938536222564252, 6.26449097996888
0.019898680066794416, -0.0003938536222564252, 6.26449097996888
0.019898680066794416, -0.0003938536222564252, 6.26449097996888
0.028387831433380906, 0.003291685377516412, 6.26449097996888
0.028387831433380906, 0.003291685377516412, 6.26449097996888
0.028387831433380906, 0.003291685377516412, 6.26449097996888
0.028387831433380906, 0.003291685377516412, 6.26449097996888
0.046337679220477816, 0.005149191424140526, 6.26449097996888
0.046337679220477816, 0.005149191424140526, 6.26449097996888
0.046337679220477816, 0.005149191424140526, 6.26449097996888
0.06979040885363716, 0.006301645168003215, 6.26449097996888
0.06979040885363716, 0.006301645168003215, 6.26449097996888
0.06979040885363716, 0.006301645168003215, 6.26449097996888
0.06979040885363716, 0.006301645168003215, 6.26449097996888
0.09326254611772516, 0.007605579256743024, 6.26449097996888
0.09326254611772516, 0.007605579256743024, 6.26449097996888
0.09326254611772516, 0.007605579256743024, 6.26449097996888
0.11615432545019717, 0.007290159322601585, 6.26449097996888
0.11615432545019717, 0.007290159322601585, 6.26449097996888
0.11615432545019717, 0.007290159322601585, 6.26449097996888
0.11615432545019717, 0.007290159322601585, 6.26449097996888
0.11615432545019717, 0.007290159322601585, 6.26449097996888
0.13881319221351687, 0.0051568808283446385, 6.26449097996888
0.13881319221351687, 0.0051568808283446385, 6.26449097996888
0.13881319221351687, 0.0051568808283446385, 6.26449097996888
0.18491796045261427, 0.008488217925121867, 6.26449097996888
0.18491796045261427, 0.008488217925121867, 6.26449097996888
0.18491796045261427, 0.008488217925121867, 6.26449097996888
0.18491796045261427, 0.008488217925121867, 6.26449097996888
0.21057375916053844, 0.012283916601534488, 6.26449097996888
0.21057375916053844, 0.012283916601534488, 6.26449097996888
0.21057375916053844, 0.012283916601534488, 6.26449097996888
0.2392275693402237, 0.008920616378259347, 6.26449097996888
0.2392275693402237, 0.008920616378259347, 6.26449097996888
0.2392275693402237, 0.008920616378259347, 6.26449097996888
0.2667244937335273, 0.008169137621742234, 6.26449097996888
0.2667244937335273, 0.008169137621742234, 6.26449097996888
0.2667244937335273, 0.008169137621742234, 6.26449097996888
0.2667244937335273, 0.008169137621742234, 6.26449097996888
0.29657101405906083, 0.01265970268582494, 6.26449097996888
0.29657101405906083, 0.01265970268582494, 6.26449097996888
0.29657101405906083, 0.01265970268582494, 6.26449097996888
0.3317350732589267, 0.013543444105410259, 6.26449097996888
0.3317350732589267, 0.013543444105410259, 6.26449097996888
0.3317350732589267, 0.013543444105410259, 6.26449097996888
0.36860630695663366, 0.011744863516954154, 6.26449097996888
0.36860630695663366, 0.011744863516954154, 6.26449097996888
0.36860630695663366, 0.011744863516954154, 6.26449097996888
0.36860630695663366, 0.011744863516954154, 6.26449097996888
0.405954026402679, 0.015120364760902845, 6.26449097996888
0.405954026402679, 0.015120364760902845, 6.26449097996888
0.405954026402679, 0.015120364760902845, 6.26449097996888
0.4416877813402549, 0.01608508819603692, 6.26449097996888
0.4416877813402549, 0.01608508819603692, 6.26449097996888
0.4416877813402549, 0.01608508819603692, 6.26449097996888
0.4800302850792096, 0.019949034294368215, 6.26449097996888
0.4800302850792096, 0.019949034294368215, 6.26449097996888
0.4800302850792096, 0.019949034294368215, 6.26449097996888
0.4800302850792096, 0.019949034294368215, 6.26449097996888
0.5220676150591079, 0.01918226842109856, 6.26449097996888
0.5220676150591079, 0.01918226842109856, 6.26449097996888
0.5220676150591079, 0.01918226842109856, 6.26449097996888
0.5645688513137975, 0.019125942188185127, 6.26449097996888
0.5645688513137975, 0.019125942188185127, 6.26449097996888
0.5645688513137975, 0.019125942188185127, 6.26449097996888
0.60464668519721, 0.019072159513543185, 6.26449097996888
0.60464668519721, 0.019072159513543185, 6.26449097996888
0.60464668519721, 0.019072159513543185, 6.26449097996888
0.60464668519721, 0.019072159513543185, 0.012834094648685734
0.6427776037353169, 0.024195013693120326, 0.012834094648685734
0.6427776037353169, 0.024195013693120326, 0.012834094648685734
0.6427776037353169, 0.024195013693120326, 0.012834094648685734
0.6824710869866775, 0.026962012717907033, 0.012834094648685734
0.6824710869866775, 0.026962012717907033, 0.012834094648685734
0.6824710869866775, 0.026962012717907033, 0.012834094648685734
0.7205787624821659, 0.026082834419243, 0.012834094648685734
0.7205787624821659, 0.026082834419243, 0.012834094648685734
0.7205787624821659, 0.026082834419243, 0.012834094648685734
0.7205787624821659, 0.026082834419243, 0.012834094648685734
0.7603023173938629, 0.030539704004878432, 0.012834094648685734
0.7603023173938629, 0.030539704004878432, 0.012834094648685734
0.7603023173938629, 0.030539704004878432, 0.012834094648685734
0.7960079166321563, 0.03273983385969212, 0.012834094648685734
0.7960079166321563, 0.03273983385969212, 0.012834094648685734
0.7960079166321563, 0.03273983385969212, 0.012834094648685734
0.7960079166321563, 0.03273983385969212, 0.012834094648685734
0.7960079166321563, 0.03273983385969212, 0.012834094648685734
0.8304858212183933, 0.032633662435888944, 0.012834094648685734
0.8304858212183933, 0.032633662435888944, 0.012834094648685734
0.8304858212183933, 0.032633662435888944, 0.012834094648685734
0.8784637033104165, 0.036032957781602704, 0.012834094648685734
0.8784637033104165, 0.036032957781602704, 0.012834094648685734
0.8784637033104165, 0.036032957781602704, 0.012834094648685734
0.9110141007752554, 0.041254910532160155, 0.012834094648685734
0.9110141007752554, 0.041254910532160155, 0.012834094648685734
0.9110141007752554, 0.041254910532160155, 0.012834094648685734
0.9110141007752554, 0.041254910532160155, 0.012834094648685734
0.9431462415951872, 0.04175723849528057, 0.012834094648685734
0.9431462415951872, 0.04175723849528057, 0.012834094648685734
0.9431462415951872, 0.04175723849528057, 0.012834094648685734
0.9717262485289242, 0.04363853423146527, 0.012834094648685734
0.9717262485289242, 0.04363853423146527, 0.012834094648685734
0.9717262485289242, 0.04363853423146527, 0.012834094648685734
0.9717262485289242, 0.04363853423146527, 0.012834094648685734
1.0044319194215299, 0.0500723800210674, 0.012834094648685734
1.0044319194215299, 0.0500723800210674, 0.012834094648685734
1.0044319194215299, 0.0500723800210674, 0.012834094648685734
1.041516655591926, 0.04994016766089457, 0.012834094648685734
1.041516655591926, 0.04994016766089457, 0.012834094648685734
1.041516655591926, 0.04994016766089457, 0.012834094648685734
1.0720085942152116, 0.052192389950822954, 0.012834094648685734
1.0720085942152116, 0.052192389950822954, 0.012834094648685734
1.0720085942152116, 0.052192389950822954, 0.012834094648685734
1.0720085942152116, 0.052192389950822954, 0.012834094648685734
1.107396817683758, 0.056280878261394274, 0.012834094648685734
1.107396817683758, 0.056280878261394274, 0.012834094648685734
1.107396817683758, 0.056280878261394274, 0.012834094648685734
1.1480976651365566, 0.06399997027212015, 0.012834094648685734
1.1480976651365566, 0.06399997027212015, 0.012834094648685734
1.1480976651365566, 0.06399997027212015, 0.012834094648685734
1.1480976651365566, 0.06399997027212015, 0.012834094648685734
1.1857045338353822, 0.06503265444317696, 0.012834094648685734
1.1857045338353822, 0.06503265444317696, 0.012834094648685734
1.1857045338353822, 0.06503265444317696, 0.012834094648685734
1.1857045338353822, 0.06503265444317696, 0.012834094648685734
1.2424501245853712, 0.06992615164517557, 0.012834094648685734
1.2424501245853712, 0.06992615164517557, 0.012834094648685734
1.2424501245853712, 0.06992615164517557, 0.012834094648685734
1.2424501245853712, 0.06992615164517557, 0.012834094648685734
1.2811963877927626, 0.07112079502745172, 0.012834094648685734
1.2811963877927626, 0.07112079502745172, 0.012834094648685734
1.2811963877927626, 0.07112079502745172, 0.012834094648685734
1.324739972548335, 0.07046899332832127, 0.012834094648685734
1.324739972548335, 0.07046899332832127, 0.012834094648685734
1.324739972548335, 0.07046899332832127, 0.012834094648685734
1.3658319988256775, 0.07105514202261512, 0.012834094648685734
1.3658319988256775, 0.07105514202261512, 0.012834094648685734
1.3658319988256775, 0.07105514202261512, 0.012834094648685734
1.3658319988256775, 0.07105514202261512, 0.012834094648685734
1.4017666789314343, 0.06922258409739346, 0.012834094648685734
1.4017666789314343, 0.06922258409739346, 0.012834094648685734
1.4017666789314343, 0.06922258409739346, 0.012834094648685734
1.437495521346932, 0.07742473804881725, 0.012834094648685734
1.437495521346932, 0.07742473804881725, 0.012834094648685734
1.437495521346932, 0.07742473804881725, 0.012834094648685734
1.4750868137146909, 0.0841564701410979, 0.04462837374977362
1.4750868137146909, 0.0841564701410979, 0.04462837374977362
1.4750868137146909, 0.0841564701410979, 0.04462837374977362
1.4750868137146909, 0.0841564701410979, 0.04462837374977362
1.5106177303084607, 0.08499320695212104, 0.04462837374977362
1.5106177303084607, 0.08499320695212104, 0.04462837374977362
1.5106177303084607, 0.08499320695212104, 0.04462837374977362
1.5106177303084607, 0.08499320695212104, 0.04462837374977362
1.545609022087536, 0.08743882747491369, 0.04462837374977362
1.545609022087536, 0.08743882747491369, 0.04462837374977362
1.545609022087536, 0.08743882747491369, 0.04462837374977362
1.545609022087536, 0.08743882747491369, 0.04462837374977362
1.5942254892250205, 0.09291193937350092, 0.04462837374977362
1.5942254892250205, 0.09291193937350092, 0.04462837374977362
1.5942254892250205, 0.09291193937350092, 0.04462837374977362
1.623683826692112, 0.09437274870904971, 0.04462837374977362
1.623683826692112, 0.09437274870904971, 0.04462837374977362
1.623683826692112, 0.09437274870904971, 0.04462837374977362
1.623683826692112, 0.09437274870904971, 0.04462837374977362
1.6503431565187765, 0.0972699942419136, 0.04462837374977362
1.6503431565187765, 0.0972699942419136, 0.04462837374977362
1.6503431565187765, 0.0972699942419136, 0.04462837374977362
1.680306132755348, 0.10266948304934034, 0.04462837374977362
1.680306132755348, 0.10266948304934034, 0.04462837374977362
1.680306132755348, 0.10266948304934034, 0.04462837374977362
1.7100449455561353, 0.10486422424991876, 0.04462837374977362
1.7100449455561353, 0.10486422424991876, 0.04462837374977362
1.7100449455561353, 0.10486422424991876, 0.04462837374977362
1.7100449455561353, 0.10486422424991876, 0.04462837374977362
1.7394013211248145, 0.11280501969289175, 0.04462837374977362
1.7394013211248145, 0.11280501969289175, 0.04462837374977362
1.7394013211248145, 0.11280501969289175, 0.04462837374977362
1.7709462736769543, 0.11600015663699581, 0.04462837374977362
1.7709462736769543, 0.11600015663699581, 0.04462837374977362
1.7709462736769543, 0.11600015663699581, 0.04462837374977362
1.8052601568802018, 0.11606897350439604, 0.04462837374977362
1.8052601568802018, 0.11606897350439604, 0.04462837374977362
1.8052601568802018, 0.11606897350439604, 0.04462837374977362
1.8416713193929568, 0.11941049403513121, 0.04462837374977362
1.8416713193929568, 0.11941049403513121, 0.04462837374977362
1.8416713193929568, 0.11941049403513121, 0.04462837374977362
1.8416713193929568, 0.11941049403513121, 0.04462837374977362
1.876498590779936, 0.12203110316902155, 0.04462837374977362
1.876498590779936, 0.12203110316902155, 0.04462837374977362
1.876498590779936, 0.12203110316902155, 0.04462837374977362
1.9184902729147293, 0.1252735248791031, 0.04462837374977362
1.9184902729147293, 0.1252735248791031, 0.04462837374977362
1.9184902729147293, 0.1252735248791031, 0.04462837374977362
1.9184902729147293, 0.1252735248791031, 0.04462837374977362
1.958404086673274, 0.12539472947941327, 0.04462837374977362
1.958404086673274, 0.12539472947941327, 0.04462837374977362
1.958404086673274, 0.12539472947941327, 0.04462837374977362
1.9940058125657438, 0.13114958261060922, 0.04462837374977362
1.9940058125657438, 0.13114958261060922, 0.04462837374977362
1.9940058125657438, 0.13114958261060922, 0.04462837374977362
2.0391157940639526, 0.13399246498113276, 0.04462837374977362
2.0391157940639526, 0.13399246498113276, 0.04462837374977362
2.0391157940639526, 0.13399246498113276, 0.04462837374977362
2.0391157940639526, 0.13399246498113276, 0.04462837374977362
2.0829980819653766, 0.13452906534279302, 0.04462837374977362
2.0829980819653766, 0.13452906534279302, 0.04462837374977362
2.0829980819653766, 0.13452906534279302, 0.04462837374977362
2.117507976736057, 0.1390380304708127, 0.04462837374977362
2.117507976736057, 0.1390380304708127, 0.04462837374977362
2.117507976736057, 0.1390380304708127, 0.04462837374977362
2.1551449172298054, 0.14176057682108706, 0.04462837374977362
2.1551449172298054, 0.14176057682108706, 0.04462837374977362
2.1551449172298054, 0.14176057682108706, 0.04462837374977362
2.1947908351945227, 0.14561149527115885, 0.04462837374977362
2.1947908351945227, 0.14561149527115885, 0.04462837374977362
2.1947908351945227, 0.14561149527115885, 0.04462837374977362
2.1947908351945227, 0.14561149527115885, 0.04462837374977362
2.1947908351945227, 0.14561149527115885, 0.04462837374977362
2.232623784286923, 0.15277418585996344, 0.04462837374977362
2.232623784286923, 0.15277418585996344, 0.04462837374977362
2.232623784286923, 0.15277418585996344, 0.04462837374977362
2.232623784286923, 0.15277418585996344, 0.04462837374977362
2.2835666083614696, 0.15748731401831312, 0.04462837374977362
2.2835666083614696, 0.15748731401831312, 0.0762678008992617
2.2835666083614696, 0.15748731401831312, 0.0762678008992617
2.2835666083614696, 0.15748731401831312, 0.0762678008992617
2.3172544840636817, 0.15994595623035218, 0.0762678008992617
2.3172544840636817, 0.15994595623035218, 0.0762678008992617
2.3172544840636817, 0.15994595623035218, 0.0762678008992617
2.347478528541377, 0.16592789082323361, 0.0762678008992617
2.347478528541377, 0.16592789082323361, 0.06044313441725137
2.347478528541377, 0.16592789082323361, 0.04462837374977362
2.3788206397984855, 0.16899503723622156, 0.0762678008992617
2.3788206397984855, 0.16899503723622156, 0.0762678008992617
2.3788206397984855, 0.16899503723622156, 0.0762678008992617
2.4055488594517587, 0.1738851268837449, 0.0762678008992617
2.4055488594517587, 0.1738851268837449, 0.0762678008992617
2.4055488594517587, 0.1738851268837449, 0.0762678008992617
2.4055488594517587, 0.1738851268837449, 0.0762678008992617
2.4346829885444, 0.1815464458954792, 0.06044313441725137
2.4346829885444, 0.1815464458954792, 0.0762678008992617
2.4346829885444, 0.1815464458954792, 0.0762678008992617
2.466642363864864, 0.18361065938115628, 0.0762678008992617
2.466642363864864, 0.18361065938115628, 0.0762678008992617
2.466642363864864, 0.18361065938115628, 0.06044313441725137
2.5001468092189585, 0.18609280079313328, 0.0762678008992617
2.5001468092189585, 0.18609280079313328, 0.0762678008992617
2.5001468092189585, 0.18609280079313328, 0.0762678008992617
2.5001468092189585, 0.18609280079313328, 0.0762678008992617
2.5303795998709973, 0.19068784855708976, 0.0762678008992617
2.5303795998709973, 0.19068784855708976, 0.0762678008992617
2.5303795998709973, 0.19068784855708976, 0.0762678008992617
2.566048297050357, 0.19551026426977042, 0.0762678008992617
2.566048297050357, 0.19551026426977042, 0.0762678008992617
2.566048297050357, 0.19551026426977042, 0.0762678008992617
2.566048297050357, 0.19551026426977042, 0.0762678008992617
2.6009037246808315, 0.19689547055158696, 0.0762678008992617
2.6009037246808315, 0.19689547055158696, 0.0762678008992617
2.6009037246808315, 0.19689547055158696, 0.0762678008992617
2.6434087931658112, 0.20268967868422955, 0.0762678008992617
2.6434087931658112, 0.20268967868422955, 0.0762678008992617
2.6434087931658112, 0.20268967868422955, 0.0762678008992617
2.67951132524051, 0.20653266531776254, 0.0762678008992617
2.67951132524051, 0.20653266531776254, 0.0762678008992617
2.67951132524051, 0.20653266531776254, 0.0762678008992617
2.719068942388794, 0.20823925581676578, 0.0762678008992617
2.719068942388794, 0.20823925581676578, 0.0762678008992617
2.719068942388794, 0.20823925581676578, 0.0762678008992617
2.719068942388794, 0.20823925581676578, 0.0762678008992617
2.760820884310055, 0.21397598108893456, 0.0762678008992617
2.760820884310055, 0.21397598108893456, 0.0762678008992617
2.760820884310055, 0.21397598108893456, 0.0762678008992617
2.7954898863714304, 0.22554738432437238, 0.0762678008992617
2.7954898863714304, 0.22554738432437238, 0.0762678008992617
2.7954898863714304, 0.22554738432437238, 0.0762678008992617
2.8355026631110603, 0.22935129795521897, 0.0762678008992617
2.8355026631110603, 0.22935129795521897, 0.0762678008992617
2.8355026631110603, 0.22935129795521897, 0.0762678008992617
2.8355026631110603, 0.22935129795521897, 0.0762678008992617
2.874173206822766, 0.23286526459989476, 0.0762678008992617
2.874173206822766, 0.23286526459989476, 0.0762678008992617
2.874173206822766, 0.23286526459989476, 0.0762678008992617
2.874173206822766, 0.23286526459989476, 0.0762678008992617
2.9106445129214658, 0.23958651255147162, 0.0762678008992617
2.9106445129214658, 0.23958651255147162, 0.0762678008992617
2.9106445129214658, 0.23958651255147162, 0.0762678008992617
2.9106445129214658, 0.23958651255147162, 0.0762678008992617
2.965316069158135, 0.24720933771207226, 0.0762678008992617
2.965316069158135, 0.24720933771207226, 0.0762678008992617
2.965316069158135, 0.24720933771207226, 0.0762678008992617
2.999236856130411, 0.2514858299680065, 0.0762678008992617
2.999236856130411, 0.2514858299680065, 0.0762678008992617
2.999236856130411, 0.2514858299680065, 0.0762678008992617
2.999236856130411, 0.2514858299680065, 0.0762678008992617
3.032857758807763, 0.2548768982052391, 0.0762678008992617
3.032857758807763, 0.2548768982052391, 0.0762678008992617
3.032857758807763, 0.2548768982052391, 0.0762678008992617
3.0666620906589874, 0.25824447189661204, 0.0762678008992617
3.0666620906589874, 0.25824447189661204, 0.0762678008992617
3.0666620906589874, 0.25824447189661204, 0.0762678008992617
3.0975053130856725, 0.26614874002519867, 0.0762678008992617
3.0975053130856725, 0.26614874002519867, 0.0762678008992617
3.0975053130856725, 0.26614874002519867, 0.0762678008992617
3.129315163702213, 0.2757768567809141, 0.0762678008992617
3.129315163702213, 0.2757768567809141, 0.0762678008992617
3.129315163702213, 0.2757768567809141, 0.0762678008992617
3.129315163702213, 0.2757768567809141, 0.0762678008992617
3.1631777218070756, 0.27959888736316035, 0.0762678008992617
3.1631777218070756, 0.27959888736316035, 0.0762678008992617
3.1631777218070756, 0.27959888736316035, 0.0762678008992617
3.194916765650916, 0.2843088920060974, 0.0762678008992617
3.194916765650916, 0.2843088920060974, 0.0762678008992617
3.194916765650916, 0.2843088920060974, 0.0762678008992617
3.2271798577989315, 0.29310906277005466, 0.0762678008992617
3.2271798577989315, 0.29310906277005466, 0.0762678008992617
3.2271798577989315, 0.29310906277005466, 0.0762678008992617
3.2271798577989315, 0.29310906277005466, 0.0762678008992617
3.2637249667593204, 0.2945857245950325, 0.0762678008992617
3.2637249667593204, 0.2945857245950325, 0.0762678008992617
3.2637249667593204, 0.2945857245950325, 0.0762678008992617
3.2637249667593204, 0.2945857245950325, 0.0762678008992617
3.2637249667593204, 0.2945857245950325, 0.0762678008992617
3.30146278761327, 0.3039162415487603, 0.0762678008992617
3.30146278761327, 0.3039162415487603, 0.0762678008992617
3.30146278761327, 0.3039162415487603, 0.0762678008992617
3.3576036961512092, 0.3142763232816532, 0.0762678008992617
3.3576036961512092, 0.3142763232816532, 0.0762678008992617
3.3576036961512092, 0.3142763232816532, 0.0762678008992617
3.3576036961512092, 0.3142763232816532, 0.0762678008992617
3.3961383755426615, 0.31672987147210574, 0.0762678008992617
3.3961383755426615, 0.31672987147210574, 0.0762678008992617
3.3961383755426615, 0.31672987147210574, 0.0762678008992617
3.4324757340409366, 0.32531597983619576, 0.0762678008992617
3.4324757340409366, 0.32531597983619576, 0.0762678008992617
3.4324757340409366, 0.32531597983619576, 0.0762678008992617
3.470994836500543, 0.33346857509742067, 0.0762678008992617
3.470994836500543, 0.33346857509742067, 0.0762678008992617
3.470994836500543, 0.33346857509742067, 0.0762678008992617
3.470994836500543, 0.33346857509742067, 0.0762678008992617
3.5113851356348666, 0.3387638621757769, 0.0762678008992617
3.5113851356348666, 0.3387638621757769, 0.0762678008992617
3.5113851356348666, 0.3387638621757769, 0.0762678008992617
3.550154641590337, 0.34596053301745866, 0.0762678008992617
3.550154641590337, 0.34596053301745866, 0.0762678008992617
3.550154641590337, 0.34596053301745866, 0.0762678008992617
3.591425185354313, 0.35376060153920375, 0.0762678008992617
3.591425185354313, 0.35376060153920375, 0.0762678008992617
3.591425185354313, 0.35376060153920375, 0.0762678008992617
3.591425185354313, 0.35376060153920375, 0.0762678008992617
3.591425185354313, 0.35376060153920375, 0.0762678008992617
3.6309565649451057, 0.3596278588546049, 0.0762678008992617
3.6309565649451057, 0.3596278588546049, 0.0762678008992617
3.6309565649451057, 0.3596278588546049, 0.0762678008992617
3.6309565649451057, 0.3596278588546049, 0.0762678008992617
3.684605182490615, 0.36799763866960633, 0.0762678008992617
3.684605182490615, 0.36799763866960633, 0.0762678008992617
3.684605182490615, 0.36799763866960633, 0.0762678008992617
3.721009515004643, 0.37565132132839696, 0.0762678008992617
3.721009515004643, 0.37565132132839696, 0.0762678008992617
3.721009515004643, 0.37565132132839696, 0.0762678008992617
3.721009515004643, 0.37565132132839696, 0.0762678008992617
3.7552195235688344, 0.3792748622582627, 0.0762678008992617
3.7552195235688344, 0.3792748622582627, 0.0762678008992617
3.7552195235688344, 0.3792748622582627, 0.0762678008992617
3.789545988416624, 0.38380732628583114, 0.0762678008992617
3.789545988416624, 0.38380732628583114, 0.0762678008992617
3.789545988416624, 0.38380732628583114, 0.0762678008992617
3.821172409079063, 0.393458938648521, 0.0762678008992617
3.821172409079063, 0.393458938648521, 0.0762678008992617
3.821172409079063, 0.393458938648521, 0.0762678008992617
3.849939679944905, 0.40116726298467964, 0.0762678008992617
3.849939679944905, 0.40116726298467964, 0.0762678008992617
3.849939679944905, 0.40116726298467964, 0.0762678008992617
3.849939679944905, 0.40116726298467964, 0.0762678008992617
3.8813506812022185, 0.4062272422984575, 0.0762678008992617
3.8813506812022185, 0.4062272422984575, 0.0762678008992617
3.8813506812022185, 0.4062272422984575, 0.0762678008992617
3.915899394490277, 0.4110391832819692, 0.0762678008992617
3.915899394490277, 0.4110391832819692, 0.0762678008992617
3.915899394490277, 0.4110391832819692, 0.0762678008992617
3.947340469397514, 0.41778902767157133, 0.0762678008992617
3.947340469397514, 0.41778902767157133, 0.0762678008992617
3.947340469397514, 0.41778902767157133, 0.0762678008992617
3.947340469397514, 0.41778902767157133, 0.0762678008992617
3.982845146886987, 0.42278643659871185, 0.0762678008992617
3.982845146886987, 0.42278643659871185, 0.0762678008992617
3.982845146886987, 0.42278643659871185, 0.0762678008992617
4.019104869366755, 0.4307665875619834, 0.0762678008992617
4.019104869366755, 0.4307665875619834, 0.0762678008992617
4.019104869366755, 0.4307665875619834, 0.0762678008992617
4.054128148593612, 0.4378273390481957, 0.0762678008992617
4.054128148593612, 0.4378273390481957, 0.0762678008992617
4.054128148593612, 0.4378273390481957, 0.0762678008992617
4.054128148593612, 0.4378273390481957, 0.0762678008992617
4.090396617651493, 0.4444206058294755, 0.0762678008992617
4.090396617651493, 0.4444206058294755, 0.0762678008992617
4.090396617651493, 0.4444206058294755, 0.0762678008992617
4.126837852458516, 0.44945198563696886, 0.0762678008992617
4.126837852458516, 0.44945198563696886, 0.0762678008992617
4.126837852458516, 0.44945198563696886, 0.0762678008992617
4.126837852458516, 0.44945198563696886, 0.0762678008992617
4.162998611011171, 0.45374943371987453, 0.0762678008992617
4.162998611011171, 0.45374943371987453, 0.0762678008992617
4.162998611011171, 0.45374943371987453, 0.0762678008992617
4.20209615706618, 0.460596122851083, 0.0762678008992617
4.20209615706618, 0.460596122851083, 0.0762678008992617
4.20209615706618, 0.460596122851083, 0.0762678008992617
4.237119438893156, 0.4676568759426194, 0.0762678008992617
4.237119438893156, 0.4676568759426194, 0.0762678008992617
4.237119438893156, 0.4676568759426194, 0.0762678008992617
4.237119438893156, 0.4676568759426194, 0.0762678008992617
4.276400414857401, 0.47448006299678835, 0.0762678008992617
4.276400414857401, 0.47448006299678835, 0.0762678008992617
4.276400414857401, 0.47448006299678835, 0.0762678008992617
4.276400414857401, 0.47448006299678835, 0.0762678008992617
4.318143609771422, 0.4816036758137443, 0.0762678008992617
4.318143609771422, 0.4816036758137443, 0.0762678008992617
4.318143609771422, 0.4816036758137443, 0.0762678008992617
4.318143609771422, 0.4816036758137443, 0.0762678008992617
4.374588236964604, 0.498699711366543, 0.0762678008992617
4.374588236964604, 0.498699711366543, 0.0762678008992617
4.374588236964604, 0.498699711366543, 0.0762678008992617
4.4095901925819225, 0.502683705412266, 0.0762678008992617
4.4095901925819225, 0.502683705412266, 0.0762678008992617
4.4095901925819225, 0.502683705412266, 0.0762678008992617
4.446109063091458, 0.508321040549065, 0.0762678008992617
4.446109063091458, 0.508321040549065, 0.0762678008992617
4.446109063091458, 0.508321040549065, 0.0762678008992617
4.446109063091458, 0.508321040549065, 0.0762678008992617
4.446109063091458, 0.508321040549065, 0.0762678008992617
4.446109063091458, 0.508321040549065, 0.0762678008992617
4.484250644453504, 0.5149822585142905, 0.0762678008992617
4.484250644453504, 0.5149822585142905, 0.0762678008992617
4.484250644453504, 0.5149822585142905, 0.0762678008992617
4.531802358394894, 0.5310620512040748, 0.0762678008992617
4.531802358394894, 0.5310620512040748, 0.0762678008992617
4.531802358394894, 0.5310620512040748, 0.0762678008992617
4.565716314539447, 0.5396507032415204, 0.0762678008992617
4.565716314539447, 0.5396507032415204, 0.0762678008992617
4.565716314539447, 0.5396507032415204, 0.0762678008992617
4.597321410053343, 0.5462255573386271, 0.0762678008992617
4.597321410053343, 0.5462255573386271, 0.0762678008992617
4.597321410053343, 0.5462255573386271, 0.0762678008992617
4.597321410053343, 0.5462255573386271, 0.0762678008992617
4.627266895554355, 0.5543988180269269, 0.0762678008992617
4.627266895554355, 0.5543988180269269, 0.0762678008992617
4.627266895554355, 0.5543988180269269, 0.0762678008992617
4.661690404814255, 0.5596887186239927, 0.0762678008992617
4.661690404814255, 0.5596887186239927, 0.0762678008992617
4.661690404814255, 0.5596887186239927, 0.0762678008992617
4.694937619427979, 0.5674389522870553, 0.0762678008992617
4.694937619427979, 0.5674389522870553, 0.0762678008992617
4.694937619427979, 0.5674389522870553, 0.0762678008992617
4.694937619427979, 0.5674389522870553, 0.0762678008992617
4.731911648945638, 0.5751736098203301, 0.0762678008992617
4.731911648945638, 0.5751736098203301, 0.0762678008992617
4.731911648945638, 0.5751736098203301, 0.0762678008992617
4.767936543419914, 0.5784106441225959, 0.0762678008992617
4.767936543419914, 0.5784106441225959, 0.0762678008992617
4.767936543419914, 0.5784106441225959, 0.0762678008992617
4.804141870534335, 0.5917868699389746, 0.0762678008992617
4.804141870534335, 0.5917868699389746, 0.0762678008992617
4.804141870534335, 0.5917868699389746, 0.0762678008992617
4.804141870534335, 0.5917868699389746, 0.0762678008992617
4.845095038019461, 0.6014752935790394, 0.0762678008992617
4.845095038019461, 0.6014752935790394, 0.0762678008992617
4.845095038019461, 0.6014752935790394, 0.0762678008992617
4.882412683928715, 0.6031609243128554, 0.0762678008992617
4.882412683928715, 0.6031609243128554, 0.0762678008992617
4.882412683928715, 0.6031609243128554, 0.0762678008992617
4.882412683928715, 0.6031609243128554, 0.0762678008992617
4.913471324155197, 0.6156568211425175, 0.0762678008992617
4.913471324155197, 0.6156568211425175, 0.0762678008992617
4.913471324155197, 0.6156568211425175, 0.0762678008992617
4.936038896529339, 0.6215419109040665, 0.0762678008992617
4.936038896529339, 0.6215419109040665, 0.0762678008992617
4.936038896529339, 0.6215419109040665, 0.0762678008992617
4.960264161334384, 0.6229033249956841, 0.0762678008992617
4.960264161334384, 0.6229033249956841, 0.0762678008992617
4.960264161334384, 0.6229033249956841, 0.0762678008992617
4.960264161334384, 0.6229033249956841, 0.0762678008992617
4.960264161334384, 0.6229033249956841, 0.0762678008992617
4.977316269402579, 0.6250298207307728, 0.0762678008992617
4.977316269402579, 0.6250298207307728, 0.0762678008992617
4.977316269402579, 0.6250298207307728, 0.0762678008992617
4.991772210081821, 0.6287207425291462, 0.0762678008992617
4.991772210081821, 0.6287207425291462, 0.0762678008992617
4.991772210081821, 0.6287207425291462, 0.0762678008992617
4.991772210081821, 0.6287207425291462, 0.0762678008992617
4.996677240586467, 0.6291701090811229, 0.0762678008992617
4.996677240586467, 0.6291701090811229, 0.0762678008992617
4.996677240586467, 0.6291701090811229, 0.0762678008992617
5.0020267665106655, 0.6301784230554157, 0.0762678008992617
5.0020267665106655, 0.6301784230554157, 0.0762678008992617
5.0020267665106655, 0.6301784230554157, 0.0762678008992617
5.002829374544443, 0.6320772556649221, 0.04462837374977362
5.002829374544443, 0.6320772556649221, 0.04462837374977362
5.002829374544443, 0.6320772556649221, 0.04462837374977362
5.002829374544443, 0.6320772556649221, 0.04462837374977362
5.002490672364131, 0.6308888599337544, 0.04462837374977362
5.002490672364131, 0.6308888599337544, 0.04462837374977362
5.002490672364131, 0.6308888599337544, 0.04462837374977362
5.00371645006424, 0.6302698839119488, 0.04462837374977362
5.00371645006424, 0.6302698839119488, 0.04462837374977362
5.00371645006424, 0.6302698839119488, 0.04462837374977362
4.999723654672129, 0.6369404373116128, 0.04462837374977362
4.999723654672129, 0.6369404373116128, 0.04462837374977362
4.999723654672129, 0.6369404373116128, 0.04462837374977362
4.999723654672129, 0.6369404373116128, 0.04462837374977362
4.99774283164232, 0.634576659808387, 0.04462837374977362
4.99774283164232, 0.634576659808387, 0.04462837374977362
4.99774283164232, 0.634576659808387, 0.04462837374977362
5.000196304940514, 0.6362639789150274, 0.04462837374977362
5.000196304940514, 0.6362639789150274, 0.04462837374977362
5.000196304940514, 0.6362639789150274, 0.04462837374977362
5.000891205398836, 0.6358669996804872, 0.04462837374977362
5.000891205398836, 0.6358669996804872, 0.04462837374977362
5.000891205398836, 0.6358669996804872, 0.04462837374977362
5.000891205398836, 0.6358669996804872, 0.04462837374977362
5.000127414491671, 0.6342711368972387, 0.04462837374977362
5.000127414491671, 0.6342711368972387, 0.04462837374977362
5.000127414491671, 0.6342711368972387, 0.04462837374977362
4.999654764591948, 0.6349475977105893, 0.04462837374977362
4.999654764591948, 0.6349475977105893, 0.04462837374977362
4.999654764591948, 0.6349475977105893, 0.04462837374977362
4.998834663337577, 0.6358225423070336, 0.04462837374977362
4.998834663337577, 0.6358225423070336, 0.04462837374977362
4.998834663337577, 0.6358225423070336, 0.04462837374977362
4.998834663337577, 0.6358225423070336, 0.04462837374977362
4.99852603134296, 0.636324007469654, 0.04462837374977362
4.99852603134296, 0.636324007469654, 0.04462837374977362
4.99852603134296, 0.636324007469654, 0.04462837374977362
4.998330022568754, 0.631883862080283, 0.04462837374977362
4.998330022568754, 0.631883862080283, 0.04462837374977362
4.998330022568754, 0.631883862080283, 0.04462837374977362
4.995964848881539, 0.632340872286215, 0.04462837374977362
4.995964848881539, 0.632340872286215, 0.04462837374977362
4.995964848881539, 0.632340872286215, 0.04462837374977362
4.995964848881539, 0.632340872286215, 0.04462837374977362
4.99849404255708, 0.6317088708222521, 0.04462837374977362
4.99849404255708, 0.6317088708222521, 0.04462837374977362
4.99849404255708, 0.6317088708222521, 0.04462837374977362
5.001031981700854, 0.6296899809884084, 0.04462837374977362
5.001031981700854, 0.6296899809884084, 0.04462837374977362
5.001031981700854, 0.6296899809884084, 0.04462837374977362
5.001031981700854, 0.6296899809884084, 0.04462837374977362
5.001031981700854, 0.6296899809884084, 0.04462837374977362
5.0049053278335, 0.6322732046107746, 0.04462837374977362
5.0049053278335, 0.6322732046107746, 0.04462837374977362
5.0049053278335, 0.6322732046107746, 0.04462837374977362
5.002887603031497, 0.6325317241090642, 0.04462837374977362
5.002887603031497, 0.6325317241090642, 0.04462837374977362
5.002887603031497, 0.6325317241090642, 0.04462837374977362
5.002887603031497, 0.6325317241090642, 0.04462837374977362
5.001592932816883, 0.6311578538354662, 0.04462837374977362
5.001592932816883, 0.6311578538354662, 0.04462837374977362
5.001592932816883, 0.6311578538354662, 0.04462837374977362
5.00037590161491, 0.6303899389750469, 0.04462837374977362
5.00037590161491, 0.6303899389750469, 0.04462837374977362
5.00037590161491, 0.6303899389750469, 0.04462837374977362
5.001353193555234, 0.6336521605496859, 0.04462837374977362
5.001353193555234, 0.6336521605496859, 0.04462837374977362
5.001353193555234, 0.6336521605496859, 0.04462837374977362
5.001353193555234, 0.6336521605496859, 0.04462837374977362
4.99964218367887, 0.630483946081648, 0.04462837374977362
4.99964218367887, 0.630483946081648, 0.04462837374977362
4.99964218367887, 0.630483946081648, 0.04462837374977362
4.999150124634567, 0.631008919715299, 0.04462837374977362
4.999150124634567, 0.631008919715299, 0.04462837374977362
4.999150124634567, 0.631008919715299, 0.04462837374977362
4.999150124634567, 0.631008919715299, 0.04462837374977362
4.995936694067819, 0.6335762783352846, 0.04462837374977362
4.995936694067819, 0.6335762783352846, 0.04462837374977362
4.993832586534609, 0.6346157329963785, 0.04462837374977362
4.993832586534609, 0.6346157329963785, 0.04462837374977362
4.993832586534609, 0.6346157329963785, 0.04462837374977362
4.993832586534609, 0.6346157329963785, 0.012834094648685734
4.994980728116735, 0.6333908081855534, 0.012834094648685734
4.994980728116735, 0.6333908081855534, 0.012834094648685734
4.994980728116735, 0.6333908081855534, 0.012834094648685734
4.997915598019552, 0.6330147800400333, 0.012834094648685734
4.997915598019552, 0.6330147800400333, 0.012834094648685734
4.997915598019552, 0.6330147800400333, 0.012834094648685734
4.997915598019552, 0.6330147800400333, 0.012834094648685734
4.99752932909551, 0.632910294182174, 0.012834094648685734
4.99752932909551, 0.632910294182174, 0.012834094648685734
4.99752932909551, 0.632910294182174, 0.012834094648685734
4.99459445965303, 0.6332863222574732, 0.012834094648685734
4.99459445965303, 0.6332863222574732, 0.012834094648685734
4.99459445965303, 0.6332863222574732, 0.012834094648685734
4.99649572818899, 0.6321188797765646, 0.012834094648685734
4.99649572818899, 0.6321188797765646, 0.012834094648685734
4.99649572818899, 0.6321188797765646, 0.012834094648685734
4.99649572818899, 0.6321188797765646, 0.012834094648685734
4.997451692759064, 0.6323043501369588, 0.012834094648685734
4.997451692759064, 0.6323043501369588, 0.012834094648685734
4.997451692759064, 0.6323043501369588, 0.012834094648685734
4.996206505229722, 0.6327718344907867, 0.012834094648685734
4.996206505229722, 0.6327718344907867, 0.012834094648685734
4.996206505229722, 0.6327718344907867, 0.012834094648685734
4.996206505229722, 0.6327718344907867, 0.012834094648685734
4.9947002532433755, 0.6326568762503028, 0.012834094648685734
4.9947002532433755, 0.6326568762503028, 0.012834094648685734
4.9947002532433755, 0.6326568762503028, 0.012834094648685734
4.9928077289955475, 0.6324374257131049, 0.012834094648685734
4.9928077289955475, 0.6324374257131049, 0.012834094648685734
4.9928077289955475, 0.6324374257131049, 0.012834094648685734
4.990250380488731, 0.6343048331110535, 0.012834094648685734
4.990250380488731, 0.6343048331110535, 0.012834094648685734
4.990250380488731, 0.6343048331110535, 0.012834094648685734
4.990250380488731, 0.6343048331110535, 0.012834094648685734
4.990250380488731, 0.6343048331110535, 0.012834094648685734
4.991003507678583, 0.6343623108122499, 0.012834094648685734
4.991003507678583, 0.6343623108122499, 0.012834094648685734
4.991003507678583, 0.6343623108122499, 0.012834094648685734
4.989208031236872, 0.6349003005662494, 0.012834094648685734
4.989208031236872, 0.6349003005662494, 0.012834094648685734
4.989208031236872, 0.6349003005662494, 0.012834094648685734
4.989208031236872, 0.6349003005662494, 0.012834094648685734
4.9879434356162635, 0.6352163046454212, 0.012834094648685734
4.9879434356162635, 0.6352163046454212, 0.012834094648685734
4.9879434356162635, 0.6352163046454212, 0.012834094648685734
4.981752481637014, 0.6320061816112048, 0.012834094648685734
4.981752481637014, 0.6320061816112048, 0.012834094648685734
4.981752481637014, 0.6320061816112048, 0.012834094648685734
4.969130835797874, 0.6280802420463288, 0.012834094648685734
4.969130835797874, 0.6280802420463288, 0.012834094648685734
4.969130835797874, 0.6280802420463288, 0.012834094648685734
4.969130835797874, 0.6280802420463288, 0.012834094648685734
4.950503582325709, 0.6238459420308783, 0.012834094648685734
4.950503582325709, 0.6238459420308783, 0.012834094648685734
4.950503582325709, 0.6238459420308783, 0.012834094648685734
4.926913071709045, 0.6187078160407282, 0.012834094648685734
4.926913071709045, 0.6187078160407282, 0.012834094648685734
4.926913071709045, 0.6187078160407282, 0.012834094648685734
4.900802114357758, 0.6128148004470112, 0.012834094648685734
4.900802114357758, 0.6128148004470112, 0.012834094648685734
4.900802114357758, 0.6128148004470112, 0.012834094648685734
4.900802114357758, 0.6128148004470112, 0.012834094648685734
4.870045275108962, 0.604129593907909, 6.26449097996888
4.870045275108962, 0.604129593907909, 6.26449097996888
4.870045275108962, 0.604129593907909, 6.26449097996888
4.83248213770512, 0.5961624629271285, 6.26449097996888
4.83248213770512, 0.5961624629271285, 6.26449097996888
4.83248213770512, 0.5961624629271285, 6.26449097996888
4.787985584558194, 0.5864661089666175, 6.26449097996888
4.787985584558194, 0.5864661089666175, 6.26449097996888
4.787985584558194, 0.5864661089666175, 6.26449097996888
4.787985584558194, 0.5864661089666175, 6.26449097996888
4.745852287038611, 0.5733874756765729, 6.26449097996888
4.745852287038611, 0.5733874756765729, 6.26449097996888
4.745852287038611, 0.5733874756765729, 6.26449097996888
4.698207359276918, 0.5624007885695529, 6.26449097996888
4.698207359276918, 0.5624007885695529, 6.26449097996888
4.698207359276918, 0.5624007885695529, 6.26449097996888
4.698207359276918, 0.5624007885695529, 6.26449097996888
4.647482951429906, 0.5521166031166744, 6.26449097996888
4.647482951429906, 0.5521166031166744, 6.26449097996888
4.647482951429906, 0.5521166031166744, 6.26449097996888
4.593698470656469, 0.542686408920255, 6.26449097996888
4.593698470656469, 0.542686408920255, 6.26449097996888
4.593698470656469, 0.542686408920255, 6.26449097996888
4.536416249423306, 0.5292391011093592, 6.26449097996888
4.536416249423306, 0.5292391011093592, 6.26449097996888
4.536416249423306, 0.5292391011093592, 6.26449097996888
4.476311779561062, 0.5112262104823718, 6.26449097996888
4.476311779561062, 0.5112262104823718, 6.26449097996888
4.476311779561062, 0.5112262104823718, 6.26449097996888
4.476311779561062, 0.5112262104823718, 6.26449097996888
4.415382295844347, 0.5013257006325954, 6.26449097996888
4.415382295844347, 0.5013257006325954, 6.2330411499234275
4.415382295844347, 0.5013257006325954, 6.2330411499234275
4.347985218103479, 0.49333165941952195, 6.2330411499234275
4.347985218103479, 0.49333165941952195, 6.2330411499234275
4.347985218103479, 0.49333165941952195, 6.2330411499234275
4.347985218103479, 0.49333165941952195, 6.2330411499234275
4.280090328519701, 0.4770867842586315, 6.2330411499234275
4.280090328519701, 0.4770867842586315, 6.2330411499234275
4.280090328519701, 0.4770867842586315, 6.2330411499234275
4.207175871294019, 0.4624088833421648, 6.2330411499234275
4.207175871294019, 0.4624088833421648, 6.2330411499234275
4.207175871294019, 0.4624088833421648, 6.2330411499234275
4.1261235434485934, 0.4496974846670738, 6.2330411499234275
4.1261235434485934, 0.4496974846670738, 6.2330411499234275
4.1261235434485934, 0.4496974846670738, 6.2330411499234275
4.048416676311247, 0.4296285986863343, 6.2330411499234275
4.048416676311247, 0.4296285986863343, 6.2330411499234275
4.048416676311247, 0.4296285986863343, 6.2330411499234275
4.048416676311247, 0.4296285986863343, 6.2330411499234275
4.048416676311247, 0.4296285986863343, 6.2330411499234275
3.9612860185886456, 0.4087654691168322, 6.2330411499234275
3.9612860185886456, 0.4087654691168322, 6.201685094993511
3.9612860185886456, 0.4087654691168322, 6.201685094993511
3.8250400033864413, 0.3872663548942292, 6.201685094993511
3.8250400033864413, 0.3872663548942292, 6.201685094993511
3.8250400033864413, 0.3872663548942292, 6.201685094993511
3.8250400033864413, 0.3872663548942292, 6.201685094993511
3.73270826492615, 0.37091896259882395, 6.201685094993511
3.73270826492615, 0.37091896259882395, 6.201685094993511
3.73270826492615, 0.37091896259882395, 6.201685094993511
3.6397078627711412, 0.3508078806051844, 6.201685094993511
3.6397078627711412, 0.3508078806051844, 6.201685094993511
3.6397078627711412, 0.3508078806051844, 6.201685094993511
3.6397078627711412, 0.3508078806051844, 6.201685094993511
3.5458999421864053, 0.3360353950163829, 6.201685094993511
3.5458999421864053, 0.3360353950163829, 6.201685094993511
3.5458999421864053, 0.3360353950163829, 6.201685094993511
3.4529722667540796, 0.3237676973858984, 6.201685094993511
3.4529722667540796, 0.3237676973858984, 6.201685094993511
3.4529722667540796, 0.3237676973858984, 6.201685094993511
3.359725295763921, 0.310463083934145, 6.201685094993511
3.359725295763921, 0.310463083934145, 6.201685094993511
3.359725295763921, 0.310463083934145, 6.170237802834601
3.359725295763921, 0.310463083934145, 6.170237802834601
3.2639064799896933, 0.2916369531837285, 6.170237802834601
3.2639064799896933, 0.2916369531837285, 6.170237802834601
3.2639064799896933, 0.2916369531837285, 6.170237802834601
3.1727510389297975, 0.2728292335258134, 6.170237802834601
3.1727510389297975, 0.2728292335258134, 6.170237802834601
3.1727510389297975, 0.2728292335258134, 6.170237802834601
3.0792342552036205, 0.26032906286329627, 6.170237802834601
3.0792342552036205, 0.26032906286329627, 6.170237802834601
3.0792342552036205, 0.26032906286329627, 6.170237802834601
2.9833115638208985, 0.24505765290812848, 6.170237802834601
2.9833115638208985, 0.24505765290812848, 6.170237802834601
2.9833115638208985, 0.24505765290812848, 6.170237802834601
2.9833115638208985, 0.24505765290812848, 6.170237802834601
2.88555266041011, 0.22709598804776093, 6.170237802834601
2.88555266041011, 0.22709598804776093, 6.170237802834601
2.88555266041011, 0.22709598804776093, 6.170237802834601
2.796904006980745, 0.21766747575410067, 6.170237802834601
2.796904006980745, 0.21766747575410067, 6.170237802834601
2.796904006980745, 0.21766747575410067, 6.170237802834601
2.796904006980745, 0.21766747575410067, 6.154659854988035
2.708583391858339, 0.20788898543850937, 6.139114547162879
2.708583391858339, 0.20788898543850937, 6.139114547162879
2.708583391858339, 0.20788898543850937, 6.139114547162879
2.6187439458007415, 0.19353188577819708, 6.139114547162879
2.6187439458007415, 0.19353188577819708, 6.139114547162879
2.6187439458007415, 0.19353188577819708, 6.139114547162879
2.6187439458007415, 0.19353188577819708, 6.139114547162879
2.521534251445513, 0.18858768633901157, 6.139114547162879
2.521534251445513, 0.18858768633901157, 6.139114547162879
2.521534251445513, 0.18858768633901157, 6.139114547162879
2.431964616190913, 0.17342614665733325, 6.139114547162879
2.431964616190913, 0.17342614665733325, 6.139114547162879
2.431964616190913, 0.17342614665733325, 6.139114547162879
2.3452628768838424, 0.15882099875587335, 6.139114547162879
2.3452628768838424, 0.15882099875587335, 6.139114547162879
2.3452628768838424, 0.15882099875587335, 6.139114547162879
2.25742749535771, 0.1528296958872244, 6.139114547162879
2.25742749535771, 0.1528296958872244, 6.139114547162879
2.25742749535771, 0.1528296958872244, 6.139114547162879
2.25742749535771, 0.1528296958872244, 6.139114547162879
2.1725037401007534, 0.1404603377842597, 6.139114547162879
2.1725037401007534, 0.1404603377842597, 6.139114547162879
2.1725037401007534, 0.1404603377842597, 6.139114547162879
2.085562263822016, 0.12834950543313417, 6.108128901318269
2.085562263822016, 0.12834950543313417, 6.108128901318269
2.085562263822016, 0.12834950543313417, 6.108128901318269
1.9948715609239993, 0.1262654486596898, 6.108128901318269
1.9948715609239993, 0.1262654486596898, 6.108128901318269
1.9948715609239993, 0.1262654486596898, 6.108128901318269
1.9948715609239993, 0.1262654486596898, 6.108128901318269
1.911300703389518, 0.1157244197673517, 6.108128901318269
1.911300703389518, 0.1157244197673517, 6.108128901318269
1.911300703389518, 0.1157244197673517, 6.108128901318269
1.819609468020904, 0.10437610997093094, 6.108128901318269
1.819609468020904, 0.10437610997093094, 6.108128901318269
1.819609468020904, 0.10437610997093094, 6.108128901318269
1.7350758157128137, 0.09796178076754897, 6.108128901318269
1.7350758157128137, 0.09796178076754897, 6.108128901318269
1.7350758157128137, 0.09796178076754897, 6.108128901318269
1.7350758157128137, 0.09796178076754897, 6.108128901318269
1.6447180671158605, 0.08829031351310734, 6.108128901318269
1.6447180671158605, 0.08829031351310734, 6.108128901318269
1.6447180671158605, 0.08829031351310734, 6.108128901318269
1.5630823847524276, 0.08412224652985559, 6.108128901318269
1.5630823847524276, 0.08412224652985559, 6.108128901318269
1.5630823847524276, 0.08412224652985559, 6.108128901318269
1.4787991336755737, 0.07675197806108705, 6.108128901318269
1.4787991336755737, 0.07675197806108705, 6.108128901318269
1.4787991336755737, 0.07675197806108705, 6.108128901318269
1.3949283901667209, 0.06532552340428127, 6.092692026263972
1.3949283901667209, 0.06532552340428127, 6.07729471508895
1.3949283901667209, 0.06532552340428127, 6.07729471508895
1.3949283901667209, 0.06532552340428127, 6.07729471508895
1.3145378941739854, 0.06068996447165384, 6.07729471508895
1.3145378941739854, 0.06068996447165384, 6.07729471508895
1.3145378941739854, 0.06068996447165384, 6.07729471508895
1.2301827575775048, 0.061489558899349706, 6.07729471508895
1.2301827575775048, 0.061489558899349706, 6.07729471508895
1.2301827575775048, 0.061489558899349706, 6.07729471508895
1.2301827575775048, 0.061489558899349706, 6.07729471508895
1.1544411379132749, 0.04948348797964158, 6.07729471508895
1.1544411379132749, 0.04948348797964158, 6.07729471508895
1.1544411379132749, 0.04948348797964158, 6.07729471508895
1.0807172411745922, 0.03721889761235955, 6.07729471508895
1.0807172411745922, 0.03721889761235955, 6.07729471508895
1.0807172411745922, 0.03721889761235955, 6.07729471508895
1.0029073362670555, 0.03671796689265239, 6.07729471508895
1.0029073362670555, 0.03671796689265239, 6.07729471508895
1.0029073362670555, 0.03671796689265239, 6.07729471508895
1.0029073362670555, 0.03671796689265239, 6.07729471508895
0.9319474620384024, 0.02856449406895717, 6.07729471508895
0.9319474620384024, 0.02856449406895717, 6.046429378077609
0.9319474620384024, 0.02856449406895717, 6.046429378077609
0.9319474620384024, 0.02856449406895717, 6.046429378077609
0.8582380627122077, 0.02368882657644708, 6.046429378077609
0.8582380627122077, 0.02368882657644708, 6.046429378077609
0.8582380627122077, 0.02368882657644708, 6.040516382739906
0.8582380627122077, 0.02368882657644708, 6.040516382739906
0.7561514941250832, 0.017059848661075516, 6.040516382739906
0.7561514941250832, 0.017059848661075516, 6.040516382739906
0.7561514941250832, 0.017059848661075516, 6.040516382739906
0.6881002507924829, 0.01269102662329502, 6.040516382739906
0.6881002507924829, 0.01269102662329502, 6.040516382739906
0.6881002507924829, 0.01269102662329502, 6.040516382739906
0.6881002507924829, 0.01269102662329502, 6.040516382739906
0.6235254204693834, 0.009262560285512797, 6.040516382739906
0.6235254204693834, 0.009262560285512797, 6.040516382739906
0.6235254204693834, 0.009262560285512797, 6.040516382739906
0.5639138501990985, 0.006737929724080091, 6.040516382739906
0.5639138501990985, 0.006737929724080091, 6.040516382739906
0.5639138501990985, 0.006737929724080091, 6.040516382739906
0.5017536754506999, 0.004693808753822262, 6.040516382739906
0.5017536754506999, 0.004693808753822262, 6.040516382739906
0.5017536754506999, 0.004693808753822262, 6.040516382739906
0.5017536754506999, 0.004693808753822262, 6.040516382739906
0.44045433597671096, 0.0050029806662449244, 6.040516382739906
0.44045433597671096, 0.0050029806662449244, 6.040516382739906
0.44045433597671096, 0.0050029806662449244, 6.040516382739906
0.3850878815619462, -0.0022228626635981824, 6.040516382739906
0.3850878815619462, -0.0022228626635981824, 6.009573338402195
0.3850878815619462, -0.0022228626635981824, 6.009573338402195
0.31460832441466025, 0.0006482902684970884, 6.009573338402195
0.31460832441466025, 0.0006482902684970884, 6.009573338402195
0.31460832441466025, 0.0006482902684970884, 6.009573338402195
0.31460832441466025, 0.0006482902684970884, 6.009573338402195
0.2666905884794477, 0.0006287330210845016, 6.009573338402195
0.2666905884794477, 0.0006287330210845016, 6.009573338402195
0.2666905884794477, 0.0006287330210845016, 6.009573338402195
0.21559440795248058, -0.0023710292503262356, 6.009573338402195
0.21559440795248058, -0.0023710292503262356, 6.009573338402195
0.21559440795248058, -0.0023710292503262356, 6.009573338402195
0.1656182124559496, -0.0053603216768142725, 6.009573338402195
0.1656182124559496, -0.0053603216768142725, 6.009573338402195
0.1656182124559496, -0.0053603216768142725, 6.009573338402195
0.1656182124559496, -0.0053603216768142725, 6.009573338402195
0.12441847602448612, -0.008242286767800968, 6.009573338402195
0.12441847602448612, -0.008242286767800968, 6.009573338402195
0.12441847602448612, -0.008242286767800968, 6.009573338402195
0.08100009331528446, -0.00806844532201305, 6.009573338402195
0.08100009331528446, -0.00806844532201305, 6.009573338402195
0.08100009331528446, -0.00806844532201305, 6.009573338402195
0.08100009331528446, -0.00806844532201305, 6.009573338402195
0.04273714343429007, -0.008401172516829845, 6.009018669630956
0.04273714343429007, -0.008401172516829845, 6.009018669630956
0.04273714343429007, -0.008401172516829845, 6.009018669630956
0.009744166680648595, -0.011256803860637946, 6.009018669630956
0.009744166680648595, -0.011256803860637946, 6.009018669630956
0.009744166680648595, -0.011256803860637946, 6.009018669630956
-0.019319155455940623, -0.014000015733566172, 6.009018669630956
-0.019319155455940623, -0.014000015733566172, 6.009018669630956
-0.019319155455940623, -0.014000015733566172, 6.009018669630956
-0.045465099139181606, -0.014345479287284179, 6.009018669630956
-0.045465099139181606, -0.014345479287284179, 6.009018669630956
-0.045465099139181606, -0.014345479287284179, 6.009018669630956
-0.045465099139181606, -0.014345479287284179, 6.009018669630956
-0.0674115743516714, -0.015382968096282349, 6.009018669630956
-0.0674115743516714, -0.015382968096282349, 6.009018669630956
-0.0674115743516714, -0.015382968096282349, 6.009018669630956
-0.0674115743516714, -0.015382968096282349, 6.009018669630956
-0.0857476878346, -0.01734495119000911, 5.97827798658337
-0.0857476878346, -0.01734495119000911, 5.97827798658337
-0.0857476878346, -0.01734495119000911, 5.97827798658337
-0.0857476878346, -0.01734495119000911, 5.97827798658337
-0.1025280673910314, -0.01735062012454335, 5.97827798658337
-0.1025280673910314, -0.01735062012454335, 5.97827798658337
-0.1025280673910314, -0.01735062012454335, 5.97827798658337
-0.10720210320890032, -0.01890741151628223, 5.97827798658337
-0.10720210320890032, -0.01890741151628223, 5.97827798658337
-0.10720210320890032, -0.01890741151628223, 5.97827798658337
-0.10720210320890032, -0.01890741151628223, 5.97827798658337
-0.10977011603770773, -0.01857838698843082, 5.97827798658337
-0.10977011603770773, -0.01857838698843082, 5.97827798658337
-0.10977011603770773, -0.01857838698843082, 5.97827798658337
-0.1103698856925689, -0.020349232743658116, 5.97827798658337
-0.1103698856925689, -0.020349232743658116, 5.97827798658337
-0.1103698856925689, -0.020349232743658116, 5.97827798658337
-0.10638008526201147, -0.016857083600971247, 5.97827798658337
-0.10638008526201147, -0.016857083600971247, 5.97827798658337
-0.10638008526201147, -0.016857083600971247, 5.97827798658337
-0.10638008526201147, -0.016857083600971247, 5.97827798658337
-0.10473988509201819, -0.018606985037632896, 5.97827798658337
-0.10473988509201819, -0.018606985037632896, 5.97827798658337
-0.10473988509201819, -0.018606985037632896, 5.97827798658337
-0.10461468143642035, -0.019084944005545675, 5.97827798658337
-0.10461468143642035, -0.019084944005545675, 5.97827798658337
-0.10461468143642035, -0.019084944005545675, 5.97827798658337
-0.10461468143642035, -0.019084944005545675, 5.97827798658337
-0.10442058988529072, -0.017570071518045342, 5.97827798658337
-0.10442058988529072, -0.017570071518045342, 5.97827798658337
-0.10634318497225807, -0.01947938414473454, 5.97827798658337
-0.10634318497225807, -0.01947938414473454, 5.97827798658337
-0.10634318497225807, -0.01947938414473454, 5.97827798658337
-0.10634318497225807, -0.01947938414473454, 5.97827798658337
-0.10483693156979294, -0.019364425884745382, 5.97827798658337
-0.10483693156979294, -0.019364425884745382, 5.97827798658337
-0.10483693156979294, -0.019364425884745382, 5.97827798658337
-0.11215469892216878, -0.01827286430745066, 5.97827798658337
-0.11215469892216878, -0.01827286430745066, 5.97827798658337
-0.11215469892216878, -0.01827286430745066, 5.97827798658337
-0.11215469892216878, -0.01827286430745066, 5.97827798658337
-0.11087069343721517, -0.0184373764884764, 5.97827798658337
-0.11087069343721517, -0.0184373764884764, 5.97827798658337
-0.11087069343721517, -0.0184373764884764, 5.97827798658337
-0.10946148534997863, -0.019079854542458405, 5.97827798658337
-0.10946148534997863, -0.019079854542458405, 5.97827798658337
-0.10946148534997863, -0.019079854542458405, 5.97827798658337
-0.10946148534997863, -0.019079854542458405, 5.97827798658337
-0.10910528880018286, -0.020665234661590665, 5.97827798658337
-0.10910528880018286, -0.020665234661590665, 5.97827798658337
-0.10910528880018286, -0.020665234661590665, 5.97827798658337
-0.11143164421579399, -0.019905250211343595, 5.97827798658337
-0.11143164421579399, -0.019905250211343595, 5.97827798658337
-0.11143164421579399, -0.019905250211343595, 5.97827798658337
-0.1097419613117635, -0.019813793612920638, 5.97827798658337
-0.1097419613117635, -0.019813793612920638, 5.97827798658337
-0.1097419613117635, -0.019813793612920638, 5.97827798658337
-0.10961675859439338, -0.020291752555475485, 5.97827798658337
-0.10961675859439338, -0.020291752555475485, 5.97827798658337
-0.10961675859439338, -0.020291752555475485, 5.97827798658337
-0.10961675859439338, -0.020291752555475485, 5.97827798658337
-0.11124821427144764, -0.019928752058214844, 5.97827798658337
-0.11124821427144764, -0.019928752058214844, 5.97827798658337
-0.11124821427144764, -0.019928752058214844, 5.97827798658337
-0.11124821427144764, -0.019928752058214844, 5.97827798658337
-0.11120065014149463, -0.02101266671433769, 5.97827798658337
-0.11120065014149463, -0.02101266671433769, 5.97827798658337
-0.11120065014149463, -0.02101266671433769, 5.97827798658337
-0.11120065014149463, -0.02101266671433769, 5.97827798658337
-0.11230122660277438, -0.020871656239741205, 5.97827798658337
-0.11230122660277438, -0.020871656239741205, 5.97827798658337
-0.11230122660277438, -0.020871656239741205, 5.97827798658337
-0.11230122660277438, -0.020871656239741205, 5.97827798658337
-0.11182665907230464, -0.018622844566694587, 5.97827798658337
-0.11182665907230464, -0.018622844566694587, 5.97827798658337
-0.11182665907230464, -0.018622844566694587, 5.97827798658337
-0.11112109630498937, -0.017481444863500745, 5.97827798658337
-0.11112109630498937, -0.017481444863500745, 5.97827798658337
-0.11112109630498937, -0.017481444863500745, 5.97827798658337
-0.10997295446539039, -0.018706377250368528, 5.97827798658337
-0.10997295446539039, -0.018706377250368528, 5.97827798658337
-0.10997295446539039, -0.018706377250368528, 5.97827798658337
-0.11047567834468676, -0.01971978676184566, 5.97827798658337
-0.11047567834468676, -0.01971978676184566, 5.947749752304685
-0.11047567834468676, -0.01971978676184566, 5.947749752304685
-0.11047567834468676, -0.01971978676184566, 5.947749752304685
-0.11021461209704919, -0.019137332428959878, 5.947749752304685
-0.11021461209704919, -0.019137332428959878, 5.947749752304685
-0.11021461209704919, -0.019137332428959878, 5.947749752304685
-0.10961675859439338, -0.020291752555475485, 5.947749752304685
-0.10961675859439338, -0.020291752555475485, 5.947749752304685
-0.10961675859439338, -0.020291752555475485, 5.947749752304685
-0.10990598094898386, -0.019638800053208463, 5.947749752304685
-0.10990598094898386, -0.019638800053208463, 5.947749752304685
-0.10990598094898386, -0.019638800053208463, 5.947749752304685
-0.10990598094898386, -0.019638800053208463, 5.947749752304685
-0.11365028815674053, -0.016849443795505833, 5.947749752304685
-0.11365028815674053, -0.016849443795505833, 5.947749752304685
-0.11365028815674053, -0.016849443795505833, 5.947749752304685
-0.11223041914151946, -0.015953542701090957, 5.947749752304685
-0.11223041914151946, -0.015953542701090957, 5.947749752304685
-0.11223041914151946, -0.015953542701090957, 5.947749752304685
-0.11223041914151946, -0.015953542701090957, 5.947749752304685
-0.11300295575293504, -0.016162512485738405, 5.947749752304685
-0.11300295575293504, -0.016162512485738405, 5.947749752304685
-0.11300295575293504, -0.016162512485738405, 5.947749752304685
-0.11214403567494788, -0.016734485395074685, 5.947749752304685
-0.11214403567494788, -0.016734485395074685, 5.947749752304685
-0.11214403567494788, -0.016734485395074685, 5.947749752304685
-0.11106286848503445, -0.017026980792552673, 5.947749752304685
-0.11106286848503445, -0.017026980792552673, 5.947749752304685
-0.11106286848503445, -0.017026980792552673, 5.947749752304685
-0.11106286848503445, -0.017026980792552673, 5.947749752304685
-0.11248273923236918, -0.01792288397798573, 5.947749752304685
-0.11248273923236918, -0.01792288397798573, 5.947749752304685
-0.11248273923236918, -0.01792288397798573, 5.947749752304685
-0.11231871854183391, -0.018097870632654427, 5.947749752304685
-0.11231871854183391, -0.018097870632654427, 5.947749752304685
-0.11231871854183391, -0.018097870632654427, 5.947749752304685
-0.110812465599705, -0.017982912302444275, 5.947749752304685
-0.110812465599705, -0.017982912302444275, 5.947749752304685
-0.110812465599705, -0.017982912302444275, 5.947749752304685
-0.11234879117550836, -0.019787741398313307, 5.947749752304685
-0.11234879117550836, -0.019787741398313307, 5.947749752304685
-0.11234879117550836, -0.019787741398313307, 5.947749752304685
-0.11234879117550836, -0.019787741398313307, 5.947749752304685
-0.11233812840617892, -0.018249362530800402, 5.947749752304685
-0.11233812840617892, -0.018249362530800402, 5.947749752304685
-0.11233812840617892, -0.018249362530800402, 5.947749752304685
-0.11233812840617892, -0.018249362530800402, 5.947749752304685
-0.11190429570328962, -0.01922879363074516, 5.947749752304685
-0.11190429570328962, -0.01922879363074516, 5.947749752304685
-0.11190429570328962, -0.01922879363074516, 5.947749752304685
-0.11190429570328962, -0.01922879363074516, 5.947749752304685
-0.11427821569163474, -0.017384894339070187, 5.947749752304685
-0.11427821569163474, -0.017384894339070187, 5.947749752304685
-0.11427821569163474, -0.017384894339070187, 5.947749752304685
-0.11452861901974516, -0.016428962643873536, 5.947749752304685
-0.11452861901974516, -0.016428962643873536, 5.947749752304685
-0.11452861901974516, -0.016428962643873536, 5.947749752304685
-0.11452861901974516, -0.016428962643873536, 5.947749752304685
-0.11392010180953219, -0.016045003928234165, 5.947749752304685
-0.11392010180953219, -0.016045003928234165, 5.947749752304685
-0.11392010180953219, -0.016045003928234165, 5.947749752304685
-0.11408603911260906, -0.01879528308508737, 5.947749752304685
-0.11408603911260906, -0.01879528308508737, 5.947749752304685
-0.11408603911260906, -0.01879528308508737, 5.947749752304685
-0.11461691749938714, -0.018573290715878998, 5.947749752304685
-0.11461691749938714, -0.018573290715878998, 5.947749752304685
-0.11461691749938714, -0.018573290715878998, 5.947749752304685
-0.11461691749938714, -0.018573290715878998, 5.947749752304685
-0.11256037656556413, -0.018528837645398623, 5.947749752304685
-0.11256037656556413, -0.018528837645398623, 5.947749752304685
-0.11256037656556413, -0.018528837645398623, 5.947749752304685
-0.11394142690541009, -0.019121761848565032, 5.947749752304685
-0.11394142690541009, -0.019121761848565032, 5.947749752304685
-0.11394142690541009, -0.019121761848565032, 5.947749752304685
-0.11333291293510599, -0.01873780275646275, 5.947749752304685
-0.11333291293510599, -0.01873780275646275, 5.947749752304685
-0.11333291293510599, -0.01873780275646275, 5.947749752304685
-0.11333291293510599, -0.01873780275646275, 5.947749752304685
-0.1128990787244215, -0.019717236323888585, 5.947749752304685
-0.1128990787244215, -0.019717236323888585, 5.947749752304685
-0.1128990787244215, -0.019717236323888585, 5.947749752304685
-0.11330475658627935, -0.019973204918032235, 5.947749752304685
-0.11330475658627935, -0.019973204918032235, 5.947749752304685
-0.11330475658627935, -0.019973204918032235, 5.917252319840222
-0.11366969802108554, -0.017000935693651808, 5.917252319840222
-0.11366969802108554, -0.017000935693651808, 5.917252319840222
-0.11366969802108554, -0.017000935693651808, 5.917252319840222
-0.11366969802108554, -0.017000935693651808, 5.917252319840222
-0.11328343010939275, -0.016896447208364355, 5.917252319840222
-0.11328343010939275, -0.016896447208364355, 5.917252319840222
-0.11328343010939275, -0.016896447208364355, 5.917252319840222
-0.11330284041651875, -0.01704793892120528, 5.917252319840222
-0.11330284041651875, -0.01704793892120528, 5.917252319840222
-0.11330284041651875, -0.01704793892120528, 5.917252319840222
-0.11242451211462422, -0.017468424510399982, 5.917553281997267
-0.11242451211462422, -0.017468424510399982, 5.917795418082015
-0.11242451211462422, -0.017468424510399982, 5.917795418082015
-0.11242451211462422, -0.017468424510399982, 5.917795418082015
-0.11309125574622816, -0.018306847392566352, 5.917795418082015
-0.11309125574622816, -0.018306847392566352, 5.917795418082015
-0.11309125574622816, -0.018306847392566352, 5.917795418082015
-0.11305243649542963, -0.01800386364113746, 5.917795418082015
-0.11305243649542963, -0.01800386364113746, 5.917795418082015
-0.11305243649542963, -0.01800386364113746, 5.917795418082015
-0.11109294065837268, -0.01871685162843255, 5.917795418082015
-0.11109294065837268, -0.01871685162843255, 5.917795418082015
-0.11109294065837268, -0.01871685162843255, 5.917795418082015
-0.11109294065837268, -0.01871685162843255, 5.917795418082015
-0.11078430925087837, -0.019218314464013758, 5.917795418082015
-0.11078430925087837, -0.019218314464013758, 5.917795418082015
-0.11078430925087837, -0.019218314464013758, 5.917795418082015
-0.11078430925087837, -0.019218314464013758, 5.917795418082015
-0.11120939629828248, -0.019625779770328693, 5.917795418082015
-0.11120939629828248, -0.019625779770328693, 5.917795418082015
-0.11120939629828248, -0.019625779770328693, 5.917795418082015
-0.11120939629828248, -0.019625779770328693, 5.917795418082015
-0.11459559196072826, -0.015496532980853187, 5.917795418082015
-0.11459559196072826, -0.015496532980853187, 5.917795418082015
-0.11459559196072826, -0.015496532980853187, 5.917795418082015
-0.11293598144849851, -0.01709494247450579, 5.917795418082015
-0.11293598144849851, -0.01709494247450579, 5.917795418082015
-0.11293598144849851, -0.01709494247450579, 5.917795418082015
-0.11293598144849851, -0.01709494247450579, 5.917795418082015
-0.11199942414654765, -0.01706095934452704, 5.917795418082015
-0.11199942414654765, -0.01706095934452704, 5.917795418082015
-0.11199942414654765, -0.01706095934452704, 5.917795418082015
-0.11188296896697407, -0.016152031132409907, 5.917795418082015
-0.11188296896697407, -0.016152031132409907, 5.917795418082015
-0.11188296896697407, -0.016152031132409907, 5.917795418082015
-0.11099589418059792, -0.01795941078132007, 5.917795418082015
-0.11099589418059792, -0.01795941078132007, 5.917795418082015
-0.11099589418059792, -0.01795941078132007, 5.917795418082015
-0.11099589418059792, -0.01795941078132007, 5.917795418082015
-0.11023402125918426, -0.019288819723743536, 5.917795418082015
-0.11023402125918426, -0.019288819723743536, 5.917795418082015
-0.11023402125918426, -0.019288819723743536, 5.917795418082015
-0.11015638487007297, -0.018682875333276283, 5.917795418082015
-0.11015638487007297, -0.018682875333276283, 5.917795418082015
-0.11015638487007297, -0.018682875333276283, 5.917795418082015
-0.11015638487007297, -0.018682875333276283, 5.917795418082015
-0.11015638487007297, -0.018682875333276283, 5.917795418082015
-0.11015638487007297, -0.018682875333276283, 5.917795418082015
-0.11015638487007297, -0.018682875333276283, 5.917795418082015
-0.10864138439014755, -0.019954804157738114, 5.917795418082015
-0.10864138439014755, -0.019954804157738114, 5.917795418082015
-0.10864138439014755, -0.019954804157738114, 5.917795418082015
-0.10904706133133293, -0.020210772892323755, 5.917795418082015
-0.10904706133133293, -0.020210772892323755, 5.917795418082015
-0.10904706133133293, -0.020210772892323755, 5.917795418082015
-0.10821629642207096, -0.01954733899186517, 5.917795418082015
-0.10821629642207096, -0.01954733899186517, 5.917795418082015
-0.10821629642207096, -0.01954733899186517, 5.917795418082015
-0.10821629642207096, -0.01954733899186517, 5.917795418082015
-0.1101476368719402, -0.020069762558169255, 5.917795418082015
-0.1101476368719402, -0.020069762558169255, 5.917795418082015
-0.1101476368719402, -0.020069762558169255, 5.948297450454248
-0.10861322861088839, -0.021190203877184455, 5.948297450454248
-0.10861322861088839, -0.021190203877184455, 5.948297450454248
-0.10861322861088839, -0.021190203877184455, 5.948297450454248
-0.10864138439014755, -0.019954804157738114, 5.948297450454248
-0.10864138439014755, -0.019954804157738114, 5.948297450454248
-0.10864138439014755, -0.019954804157738114, 5.948297450454248
-0.10864138439014755, -0.019954804157738114, 5.948297450454248
-0.1082463701032044, -0.02123720736026397, 5.948297450454248
-0.1082463701032044, -0.02123720736026397, 5.948297450454248
-0.1082463701032044, -0.02123720736026397, 5.948297450454248
-0.1082463701032044, -0.02123720736026397, 5.948297450454248
-0.10648971092074998, -0.022078173986006908, 5.948297450454248
-0.10648971092074998, -0.022078173986006908, 5.948297450454248
-0.10785135432602128, -0.022519613145354958, 5.948297450454248
-0.10785135432602128, -0.022519613145354958, 5.948297450454248
-0.10785135432602128, -0.022519613145354958, 5.948297450454248
-0.10785135432602128, -0.022519613145354958, 5.948297450454248
-0.10869086570220962, -0.021796152871014024, 5.948297450454248
-0.10869086570220962, -0.021796152871014024, 5.948297450454248
-0.10869086570220962, -0.021796152871014024, 5.948297450454248
-0.10869086570220962, -0.021796152871014024, 5.948297450454248
-0.10640332861086861, -0.022859111910828407, 5.948297450454248
-0.10640332861086861, -0.022859111910828407, 5.948297450454248
-0.10640332861086861, -0.022859111910828407, 5.948297450454248
-0.10640332861086861, -0.022859111910828407, 5.948297450454248
-0.11182474173999785, -0.01569757403672631, 5.948297450454248
-0.11182474173999785, -0.01569757403672631, 5.948297450454248
-0.11182474173999785, -0.01569757403672631, 5.948297450454248
-0.11217219156343827, -0.015499083303726194, 5.948297450454248
-0.11217219156343827, -0.015499083303726194, 5.948297450454248
-0.11217219156343827, -0.015499083303726194, 5.948297450454248
-0.11217219156343827, -0.015499083303726194, 5.948297450454248
-0.11143847408773402, -0.015593090340106228, 5.948297450454248
-0.11143847408773402, -0.015593090340106228, 5.948297450454248
-0.11143847408773402, -0.015593090340106228, 5.948297450454248
-0.10570267989683774, -0.014480288641251395, 5.948297450454248
-0.10570267989683774, -0.014480288641251395, 5.948297450454248
-0.10570267989683774, -0.014480288641251395, 5.948297450454248
-0.1005860652427029, -0.015289824710853894, 5.948297450454248
-0.1005860652427029, -0.015289824710853894, 5.948297450454248
-0.1005860652427029, -0.015289824710853894, 5.948297450454248
-0.1005860652427029, -0.015289824710853894, 5.948297450454248
-0.08799640720634888, -0.015979015348672382, 5.948297450454248
-0.08799640720634888, -0.015979015348672382, 5.948297450454248
-0.08799640720634888, -0.015979015348672382, 5.948297450454248
-0.07031829026000866, -0.01624234210647892, 5.948297450454248
-0.07031829026000866, -0.01624234210647892, 5.948297450454248
-0.07031829026000866, -0.01624234210647892, 5.948297450454248
-0.07031829026000866, -0.01624234210647892, 5.948297450454248
-0.04898907553741509, -0.014201918560035675, 5.948297450454248
-0.04898907553741509, -0.014201918560035675, 5.948297450454248
-0.04898907553741509, -0.014201918560035675, 5.948297450454248
-0.03192822230332473, -0.013462310088850179, 5.948297450454248
-0.03192822230332473, -0.013462310088850179, 5.948297450454248
-0.03192822230332473, -0.013462310088850179, 5.948297450454248
-0.011306487904671682, -0.015488561334068321, 5.948297450454248
-0.011306487904671682, -0.015488561334068321, 5.948297450454248
-0.011306487904671682, -0.015488561334068321, 5.948297450454248
0.008449498190347765, -0.012630665918404855, 5.948297450454248
0.008449498190347765, -0.012630665918404855, 5.948297450454248
0.008449498190347765, -0.012630665918404855, 5.948297450454248
0.008449498190347765, -0.012630665918404855, 5.948297450454248
0.030646376621716726, -0.012549106432701185, 5.948297450454248
0.030646376621716726, -0.012549106432701185, 5.948297450454248
0.030646376621716726, -0.012549106432701185, 5.948297450454248
0.051964926934543194, -0.012047066331775238, 5.948297450454248
0.051964926934543194, -0.012047066331775238, 5.948297450454248
0.051964926934543194, -0.012047066331775238, 5.948297450454248
0.06833962724810806, -0.012297365780721667, 5.948297450454248
0.06833962724810806, -0.012297365780721667, 5.948297450454248
0.06833962724810806, -0.012297365780721667, 5.948297450454248
0.06833962724810806, -0.012297365780721667, 5.948297450454248
0.08467742689740335, -0.009925376404973587, 5.948297450454248
0.08467742689740335, -0.009925376404973587, 5.948297450454248
0.08467742689740335, -0.009925376404973587, 5.948297450454248
0.09618591704748995, -0.010322066946372846, 5.948297450454248
0.09618591704748995, -0.010322066946372846, 5.948297450454248
0.09618591704748995, -0.010322066946372846, 5.948297450454248
0.10218086278309196, -0.011552088911411955, 5.948297450454248
0.10218086278309196, -0.011552088911411955, 5.948297450454248
0.10218086278309196, -0.011552088911411955, 5.948297450454248
0.10218086278309196, -0.011552088911411955, 5.948297450454248
0.10444898991841195, -0.012766537362386103, 5.948297450454248
0.10444898991841195, -0.012766537362386103, 5.948297450454248
0.10444898991841195, -0.012766537362386103, 5.948297450454248
0.10444898991841195, -0.012766537362386103, 5.948297450454248
0.10384238958016953, -0.010225225477836197, 5.948297450454248
0.10384238958016953, -0.010225225477836197, 5.948297450454248
0.10384238958016953, -0.010225225477836197, 5.948297450454248
0.10384238958016953, -0.010225225477836197, 5.948297450454248
0.09674495098920871, -0.011779463593526818, 5.948297450454248
0.09674495098920871, -0.011779463593526818, 5.948297450454248
0.09674495098920871, -0.011779463593526818, 5.948297450454248
0.08996872547173915, -0.00937152033195287, 5.948297450454248
0.08996872547173915, -0.00937152033195287, 5.948297450454248
0.08996872547173915, -0.00937152033195287, 5.948297450454248
0.08996872547173915, -0.00937152033195287, 5.948297450454248
0.0834710582677532, -0.00915491060139802, 5.948297450454248
0.0834710582677532, -0.00915491060139802, 5.948297450454248
0.0834710582677532, -0.00915491060139802, 5.948297450454248
0.07183544958164081, -0.011205524812589712, 5.948297450454248
0.07183544958164081, -0.011205524812589712, 5.948297450454248
0.07183544958164081, -0.011205524812589712, 5.948297450454248
0.06338703339373974, -0.011662818737690015, 5.948297450454248
0.06338703339373974, -0.011662818737690015, 5.948297450454248
0.06338703339373974, -0.011662818737690015, 5.948297450454248
0.06338703339373974, -0.011662818737690015, 5.948297450454248
0.053382879555685187, -0.014076435792686571, 5.948297450454248
0.053382879555685187, -0.014076435792686571, 5.948297450454248
0.053382879555685187, -0.014076435792686571, 5.948297450454248
0.045340140642519226, -0.014277758796604131, 5.948297450454248
0.045340140642519226, -0.014277758796604131, 5.948297450454248
0.045340140642519226, -0.014277758796604131, 5.948297450454248
0.0405709748735971, -0.013666713434643811, 5.948297450454248
0.0405709748735971, -0.013666713434643811, 5.948297450454248
0.0405709748735971, -0.013666713434643811, 5.948297450454248
0.0405709748735971, -0.013666713434643811, 5.948297450454248
0.03877358202025247, -0.016053994351054483, 5.948297450454248
0.03877358202025247, -0.016053994351054483, 5.948297450454248
0.03877358202025247, -0.016053994351054483, 5.948297450454248
0.0403943750196533, -0.01795537620281424, 5.948297450454248
0.0403943750196533, -0.01795537620281424, 5.948297450454248
0.0403943750196533, -0.01795537620281424, 5.948297450454248
0.04190254680774013, -0.014915140507813318, 5.948297450454248
0.04190254680774013, -0.014915140507813318, 5.948297450454248
0.04190254680774013, -0.014915140507813318, 5.948297450454248
0.04190254680774013, -0.014915140507813318, 5.948297450454248
0.04142989449124804, -0.014238686273759104, 5.948297450454248
0.04142989449124804, -0.014238686273759104, 5.948297450454248
0.04142989449124804, -0.014238686273759104, 5.948297450454248
0.045109147028556104, -0.01317034236383103, 5.948297450454248
0.045109147028556104, -0.01317034236383103, 5.948297450454248
0.045109147028556104, -0.01317034236383103, 5.948297450454248
0.045214937447257623, -0.013799799898912347, 5.948297450454248
0.045214937447257623, -0.013799799898912347, 5.948297450454248
0.045214937447257623, -0.013799799898912347, 5.948297450454248
0.045214937447257623, -0.013799799898912347, 5.948297450454248
0.04281969332467351, -0.015032649135538551, 5.948297450454248
0.04281969332467351, -0.015032649135538551, 5.948297450454248
0.04281969332467351, -0.015032649135538551, 5.948297450454248
0.04291673919191433, -0.0142752153787746, 5.948297450454248
0.04291673919191433, -0.0142752153787746, 5.948297450454248
0.04291673919191433, -0.0142752153787746, 5.948297450454248
0.04291673919191433, -0.0142752153787746, 5.948297450454248
0.046043785962440506, -0.016061636553779977, 5.948297450454248
0.046043785962440506, -0.016061636553779977, 5.948297450454248
0.046043785962440506, -0.016061636553779977, 5.948297450454248
0.04610201332205918, -0.015607172412610913, 5.948297450454248
0.04610201332205918, -0.015607172412610913, 5.948297450454248
0.04610201332205918, -0.015607172412610913, 5.948297450454248
0.048417706060016885, -0.017905538217357103, 5.948297450454248
0.048417706060016885, -0.017905538217357103, 5.948297450454248
0.048417706060016885, -0.017905538217357103, 5.948297450454248
0.05130117843614496, -0.02304818754304527, 5.948297450454248
0.05130117843614496, -0.02304818754304527, 5.948297450454248
0.05130117843614496, -0.02304818754304527, 5.948297450454248
0.05130117843614496, -0.02304818754304527, 5.948297450454248
0.05527348585677271, -0.016782259813399158, 5.948297450454248
0.05527348585677271, -0.016782259813399158, 5.948297450454248
0.05527348585677271, -0.016782259813399158, 5.948297450454248
0.0576192496230777, -0.017390759200322736, 5.948297450454248
0.0576192496230777, -0.017390759200322736, 5.948297450454248
0.0576192496230777, -0.017390759200322736, 5.948297450454248
0.05924004306525951, -0.019292141237387546, 5.948297450454248
0.05924004306525951, -0.019292141237387546, 5.948297450454248
0.05924004306525951, -0.019292141237387546, 5.948297450454248
0.05924004306525951, -0.019292141237387546, 5.948297450454248
0.058728574191721464, -0.018918659271714353, 5.948297450454248
0.058728574191721464, -0.018918659271714353, 5.948297450454248
0.058728574191721464, -0.018918659271714353, 5.948297450454248
0.05962631145484378, -0.01918765270723703, 5.948297450454248
0.05962631145484378, -0.01918765270723703, 5.948297450454248
0.05962631145484378, -0.01918765270723703, 5.948297450454248
0.06438864698316564, -0.0154865406147252, 5.948297450454248
0.06438864698316564, -0.0154865406147252, 5.948297450454248
0.06438864698316564, -0.0154865406147252, 5.948297450454248
0.06438864698316564, -0.0154865406147252, 5.948297450454248
0.06348216347743543, -0.013830648445903745, 5.948297450454248
0.06348216347743543, -0.013830648445903745, 5.948297450454248
0.06348216347743543, -0.013830648445903745, 5.948297450454248
0.06369374768738977, -0.015089556847043818, 5.948297450454248
0.06369374768738977, -0.015089556847043818, 5.948297450454248
0.06369374768738977, -0.015089556847043818, 5.948297450454248
0.063201688879104, -0.014564587842113015, 5.948297450454248
0.063201688879104, -0.014564587842113015, 5.948297450454248
0.063201688879104, -0.014564587842113015, 5.948297450454248
0.063201688879104, -0.014564587842113015, 5.948297450454248
0.06297943935626535, -0.01484406263096419, 5.948297450454248
0.06297943935626535, -0.01484406263096419, 5.948297450454248
0.06297943935626535, -0.01484406263096419, 5.948297450454248
0.06344142750486403, -0.017058895636952384, 5.948297450454248
0.06344142750486403, -0.017058895636952384, 5.948297450454248
0.06344142750486403, -0.017058895636952384, 5.948297450454248
0.06334629834184083, -0.014891066069180645, 5.948297450454248
0.06334629834184083, -0.014891066069180645, 5.948297450454248
0.06334629834184083, -0.014891066069180645, 5.948297450454248
0.06334629834184083, -0.014891066069180645, 5.948297450454248
0.060709395826866276, -0.016554884735316258, 5.948297450454248
0.060709395826866276, -0.016554884735316258, 5.948297450454248
0.060709395826866276, -0.016554884735316258, 5.948297450454248
0.061365476689140774, -0.017254840720662797, 5.948297450454248
0.061365476689140774, -0.017254840720662797, 5.948297450454248
0.061365476689140774, -0.017254840720662797, 5.948297450454248
0.0629231279303895, -0.012373256146586048, 5.948297450454248
0.0629231279303895, -0.012373256146586048, 5.948297450454248
0.0629231279303895, -0.012373256146586048, 5.948297450454248
0.0629231279303895, -0.012373256146586048, 5.948297450454248
0.06426344576189141, -0.015008574952431925, 5.948297450454248
0.06426344576189141, -0.015008574952431925, 5.948297450454248
0.06426344576189141, -0.015008574952431925, 5.948297450454248
0.06281542019693645, -0.014669069026388953, 5.948297450454248
0.06281542019693645, -0.014669069026388953, 5.948297450454248
0.06281542019693645, -0.014669069026388953, 5.948297450454248
0.06612781177468166, -0.013553728442845914, 5.948297450454248
0.06612781177468166, -0.013553728442845914, 5.948297450454248
0.06612781177468166, -0.013553728442845914, 5.948297450454248
0.06612781177468166, -0.013553728442845914, 5.948297450454248
0.06142370450909567, -0.016800376649714725, 5.948297450454248
0.06142370450909567, -0.016800376649714725, 5.948297450454248
0.06142370450909567, -0.016800376649714725, 5.948297450454248
0.05791721846214982, -0.01943060576230522, 5.948297450454248
0.05791721846214982, -0.01943060576230522, 5.948297450454248
0.05791721846214982, -0.01943060576230522, 5.948297450454248
0.061711009675721136, -0.02037860182368407, 5.948297450454248
0.061711009675721136, -0.02037860182368407, 5.948297450454248
0.061711009675721136, -0.02037860182368407, 5.948297450454248
0.061711009675721136, -0.02037860182368407, 5.948297450454248
0.06206720517220199, -0.021963988847859807, 5.948297450454248
0.06206720517220199, -0.021963988847859807, 5.948297450454248
0.06206720517220199, -0.021963988847859807, 5.948297450454248
0.05960498635896588, -0.022264410627567895, 5.948297450454248
0.05960498635896588, -0.022264410627567895, 5.948297450454248
0.05960498635896588, -0.022264410627567895, 5.948297450454248
0.0623952457242761, -0.02231396450374142, 5.948297450454248
0.0623952457242761, -0.02231396450374142, 5.948297450454248
0.0623952457242761, -0.02231396450374142, 5.948297450454248
0.0623952457242761, -0.02231396450374142, 5.948297450454248
0.0599630982495258, -0.02092452709641742, 5.948297450454248
0.0599630982495258, -0.02092452709641742, 5.948297450454248
0.0599630982495258, -0.02092452709641742, 5.948297450454248
0.06125585082949499, -0.022475926246810093, 5.948297450454248
0.06125585082949499, -0.022475926246810093, 5.948297450454248
0.06125585082949499, -0.022475926246810093, 5.948297450454248
0.060340620004430724, -0.019433151667120965, 5.948297450454248
0.060340620004430724, -0.019433151667120965, 5.948297450454248
0.060340620004430724, -0.019433151667120965, 5.948297450454248
0.060340620004430724, -0.019433151667120965, 5.948297450454248
0.0609190636602968, -0.02073906357669849, 5.948297450454248
0.0609190636602968, -0.02073906357669849, 5.948297450454248
0.0609190636602968, -0.02073906357669849, 5.948297450454248
0.06192259515745292, -0.02163750806358497, 5.948297450454248
0.06192259515745292, -0.02163750806358497, 5.948297450454248
0.06192259515745292, -0.02163750806358497, 5.948297450454248
0.060649250249378846, -0.019934619035843502, 5.948297450454248
0.060649250249378846, -0.019934619035843502, 5.948297450454248
0.060649250249378846, -0.019934619035843502, 5.948297450454248
0.060649250249378846, -0.019934619035843502, 5.948297450454248
0.061035519282651364, -0.019830135549886406, 5.948297450454248
0.061035519282651364, -0.019830135549886406, 5.948297450454248
0.061035519282651364, -0.019830135549886406, 5.948297450454248
0.06353847374076507, -0.016301459463423214, 5.948297450454248
0.06353847374076507, -0.016301459463423214, 5.948297450454248
0.06353847374076507, -0.016301459463423214, 5.948297450454248
0.05640221752188815, -0.018158676867622396, 5.948297450454248
0.05640221752188815, -0.018158676867622396, 5.948297450454248
0.05640221752188815, -0.018158676867622396, 5.948297450454248
0.05640221752188815, -0.018158676867622396, 5.948297450454248
0.05725430704913653, -0.01441848509169601, 5.948297450454248
0.05725430704913653, -0.01441848509169601, 5.948297450454248
0.05725430704913653, -0.01441848509169601, 5.948297450454248
0.054811497507266736, -0.014567421948522596, 5.948297450454248
0.054811497507266736, -0.014567421948522596, 5.948297450454248
0.054811497507266736, -0.014567421948522596, 5.948297450454248
0.05026266326177703, -0.016602176700873588, 5.948297450454248
0.05026266326177703, -0.016602176700873588, 5.948297450454248
0.05026266326177703, -0.016602176700873588, 5.948297450454248
0.05026266326177703, -0.016602176700873588, 5.948297450454248
0.04574390164996178, -0.0169470606875657, 5.948297450454248
0.04574390164996178, -0.0169470606875657, 5.933114533396116
0.04574390164996178, -0.0169470606875657, 5.917795418082015
0.04071175280239797, -0.019843730726208757, 5.917795418082015
0.04071175280239797, -0.019843730726208757, 5.917795418082015
0.04071175280239797, -0.019843730726208757, 5.917795418082015
0.04071175280239797, -0.019843730726208757, 5.917795418082015
0.03660741566956465, -0.021319533132987206, 5.917795418082015
0.03660741566956465, -0.021319533132987206, 5.917795418082015
0.03660741566956465, -0.021319533132987206, 5.917795418082015
0.03164415694509301, -0.02222336946525186, 5.917795418082015
0.03164415694509301, -0.02222336946525186, 5.917795418082015
0.03164415694509301, -0.02222336946525186, 5.917795418082015
0.023752857567511193, -0.027063335426362786, 5.917795418082015
0.023752857567511193, -0.027063335426362786, 5.917795418082015
0.023752857567511193, -0.027063335426362786, 5.917795418082015
0.016761212416698246, -0.029247026709793317, 5.917795418082015
0.016761212416698246, -0.029247026709793317, 5.917795418082015
0.016761212416698246, -0.029247026709793317, 5.917795418082015
0.016761212416698246, -0.029247026709793317, 5.917795418082015
0.01010827172642383, -0.03024231966583886, 5.917795418082015
0.01010827172642383, -0.03024231966583886, 5.917795418082015
0.01010827172642383, -0.03024231966583886, 5.917795418082015
0.002719695992120615, -0.0340688714867524, 5.90988821011855
0.002719695992120615, -0.0340688714867524, 5.90988821011855
0.002719695992120615, -0.0340688714867524, 5.90988821011855
-0.002670564878645573, -0.038305432102031405, 5.90988821011855
-0.002670564878645573, -0.038305432102031405, 5.894608009255871
-0.002670564878645573, -0.038305432102031405, 5.879390643218526
-0.002670564878645573, -0.038305432102031405, 5.879390643218526
-0.00903620180085847, -0.042878950136467364, 5.879390643218526
-0.00903620180085847, -0.042878950136467364, 5.879390643218526
-0.00903620180085847, -0.042878950136467364, 5.879390643218526
-0.013999457981775236, -0.04378278214625367, 5.879390643218526
-0.013999457981775236, -0.04378278214625367, 5.879390643218526
-0.013999457981775236, -0.04378278214625367, 5.879390643218526
-0.015891981724400803, -0.04400222628360721, 5.879390643218526
-0.015891981724400803, -0.04400222628360721, 5.879390643218526
-0.015891981724400803, -0.04400222628360721, 5.879390643218526
-0.015891981724400803, -0.04400222628360721, 5.879390643218526
-0.013526806603510856, -0.04445923635494995, 5.879390643218526
-0.013526806603510856, -0.04445923635494995, 5.879390643218526
-0.013526806603510856, -0.04445923635494995, 5.879390643218526
-0.011731330864010493, -0.044997230712311875, 5.879390643218526
-0.011731330864010493, -0.044997230712311875, 5.879390643218526
-0.011731330864010493, -0.044997230712311875, 5.879390643218526
-0.011731330864010493, -0.044997230712311875, 5.879390643218526
-0.010425999563413776, -0.04208498025456038, 5.879390643218526
-0.010425999563413776, -0.04208498025456038, 5.879390643218526
-0.010425999563413776, -0.04208498025456038, 5.879390643218526
-0.009916445133378613, -0.045383735428345916, 5.879390643218526
-0.009916445133378613, -0.045383735428345916, 5.879390643218526
-0.009916445133378613, -0.045383735428345916, 5.879390643218526
-0.007540609654071642, -0.044302363909168634, 5.879390643218526
-0.007540609654071642, -0.044302363909168634, 5.879390643218526
-0.007540609654071642, -0.044302363909168634, 5.879390643218526
-0.00799385223886118, -0.04347442482245391, 5.879390643218526
-0.00799385223886118, -0.04347442482245391, 5.879390643218526
-0.00799385223886118, -0.04347442482245391, 5.879390643218526
-0.00799385223886118, -0.04347442482245391, 5.879390643218526
-0.007965698082484445, -0.044709829004820574, 5.879390643218526
-0.007965698082484445, -0.044709829004820574, 5.879390643218526
-0.007965698082484445, -0.044709829004820574, 5.879390643218526
-0.011632368676811363, -0.04131452379815144, 5.879390643218526
-0.011632368676811363, -0.04131452379815144, 5.879390643218526
-0.011632368676811363, -0.04131452379815144, 5.879390643218526
-0.011632368676811363, -0.04131452379815144, 5.879390643218526
-0.011662441989284563, -0.04300438974978502, 5.879390643218526
-0.011662441989284563, -0.04300438974978502, 5.879390643218526
-0.011662441989284563, -0.04300438974978502, 5.879390643218526
-0.011401374142175779, -0.042421940371366526, 5.879390643218526
-0.011401374142175779, -0.042421940371366526, 5.879390643218526
-0.011401374142175779, -0.042421940371366526, 5.879390643218526
-0.011401374142175779, -0.042421940371366526, 5.879390643218526
-0.010561865067668597, -0.043145400294602496, 5.879390643218526
-0.010561865067668597, -0.043145400294602496, 5.90988821011855
-0.010561865067668597, -0.043145400294602496, 5.90988821011855
-0.010561865067668597, -0.043145400294602496, 5.90988821011855
-0.012165164947908473, -0.04401779940170414, 5.90988821011855
-0.012165164947908473, -0.04401779940170414, 5.90988821011855
-0.012165164947908473, -0.04401779940170414, 5.90988821011855
-0.01448768632113927, -0.037407271794649526, 5.90988821011855
-0.01448768632113927, -0.037407271794649526, 5.90988821011855
-0.01448768632113927, -0.037407271794649526, 5.90988821011855
-0.01463229781442899, -0.03708079761502906, 5.90988821011855
-0.01463229781442899, -0.03708079761502906, 5.90988821011855
-0.01463229781442899, -0.03708079761502906, 5.90988821011855
-0.01463229781442899, -0.03708079761502906, 5.90988821011855
-0.014371230663674208, -0.03649834353766933, 5.90988821011855
-0.014371230663674208, -0.03649834353766933, 5.90988821011855
-0.014371230663674208, -0.03649834353766933, 5.90988821011855
-0.012981431520110203, -0.0372923136302393, 5.90988821011855
-0.012981431520110203, -0.0372923136302393, 5.90988821011855
-0.012981431520110203, -0.0372923136302393, 5.90988821011855
-0.012981431520110203, -0.0372923136302393, 5.90988821011855
-0.011947830283939472, -0.0365008939756264, 5.90988821011855
-0.011947830283939472, -0.0365008939756264, 5.90988821011855
-0.011947830283939472, -0.0365008939756264, 5.90988821011855
-0.011214112330343745, -0.036594900967143365, 5.90988821011855
-0.011214112330343745, -0.036594900967143365, 5.90988821011855
-0.011214112330343745, -0.036594900967143365, 5.90988821011855
-0.011281085144540327, -0.03566247356094111, 5.90988821011855
-0.011281085144540327, -0.03566247356094111, 5.90988821011855
-0.011281085144540327, -0.03566247356094111, 5.90988821011855
-0.011281085144540327, -0.03566247356094111, 5.90988821011855
-0.00993010546438143, -0.03675941335883209, 5.917795418082015
-0.00993010546438143, -0.03675941335883209, 5.917795418082015
-0.00993010546438143, -0.03675941335883209, 5.917795418082015
-0.008279241896969537, -0.03697092872254825, 5.917795418082015
-0.008279241896969537, -0.03697092872254825, 5.917795418082015
-0.008279241896969537, -0.03697092872254825, 5.917795418082015
-0.0067992263660333375, -0.03269529335296405, 5.917795418082015
-0.0067992263660333375, -0.03269529335296405, 5.917795418082015
-0.0067992263660333375, -0.03269529335296405, 5.917795418082015
-0.0060936634894868105, -0.031553896021672356, 5.917795418082015
-0.0060936634894868105, -0.031553896021672356, 5.917795418082015
-0.0060936634894868105, -0.031553896021672356, 5.917795418082015
-0.0060936634894868105, -0.031553896021672356, 5.917795418082015
-0.0035838796431804775, -0.032337389153613165, 5.917795418082015
-0.0035838796431804775, -0.032337389153613165, 5.917795418082015
-0.0035838796431804775, -0.032337389153613165, 5.917795418082015
-0.004742682428319217, -0.032650836030226324, 5.917795418082015
-0.004742682428319217, -0.032650836030226324, 5.917795418082015
-0.004742682428319217, -0.032650836030226324, 5.917795418082015
-0.004742682428319217, -0.032650836030226324, 5.917795418082015
0.0008290909628105268, -0.03136304530480064, 5.917795418082015
0.0008290909628105268, -0.03136304530480064, 5.917795418082015
0.0008290909628105268, -0.03136304530480064, 5.917795418082015
0.003850343590978896, -0.03252001791542843, 5.917795418082015
0.003850343590978896, -0.03252001791542843, 5.917795418082015
0.003850343590978896, -0.03252001791542843, 5.917795418082015
0.003850343590978896, -0.03252001791542843, 5.917795418082015
0.009286253434285952, -0.032292640580527436, 5.917795418082015
0.009286253434285952, -0.032292640580527436, 5.917795418082015
0.009286253434285952, -0.032292640580527436, 5.917795418082015
0.013776860095838514, -0.030712354527844765, 5.917795418082015
0.013776860095838514, -0.030712354527844765, 5.917795418082015
0.013776860095838514, -0.030712354527844765, 5.917795418082015
0.017454196941277457, -0.03256927656988058, 5.917795418082015
0.017454196941277457, -0.03256927656988058, 5.917795418082015
0.017454196941277457, -0.03256927656988058, 5.917795418082015
0.02131687802436794, -0.031524434411244834, 5.917795418082015
0.02131687802436794, -0.031524434411244834, 5.917795418082015
0.02131687802436794, -0.031524434411244834, 5.917795418082015
0.02131687802436794, -0.031524434411244834, 5.917795418082015
0.022223361311635645, -0.033180321836261975, 5.917795418082015
0.022223361311635645, -0.033180321836261975, 5.917795418082015
0.022223361311635645, -0.033180321836261975, 5.917795418082015
0.023846069876119105, -0.03215643547923974, 5.917795418082015
0.023846069876119105, -0.03215643547923974, 5.917795418082015
0.023846069876119105, -0.03215643547923974, 5.917795418082015
0.023364673060832068, -0.030093089608088083, 5.917795418082015
0.023364673060832068, -0.030093089608088083, 5.917795418082015
0.023364673060832068, -0.030093089608088083, 5.917795418082015
0.023364673060832068, -0.030093089608088083, 5.917795418082015
0.022736748438152946, -0.030628533412408877, 5.917795418082015
0.022736748438152946, -0.030628533412408877, 5.917795418082015
0.022736748438152946, -0.030628533412408877, 5.917795418082015
0.023615076279711232, -0.031049018931382583, 5.917795418082015
0.023615076279711232, -0.031049018931382583, 5.917795418082015
0.023615076279711232, -0.031049018931382583, 5.917795418082015
0.023615076279711232, -0.031049018931382583, 5.917795418082015
0.02329769827850405, -0.029160659664183755, 5.917795418082015
0.02329769827850405, -0.029160659664183755, 5.917795418082015
0.02329769827850405, -0.029160659664183755, 5.917795418082015
0.020690868414759197, -0.029134607449576428, 5.917795418082015
0.020690868414759197, -0.029134607449576428, 5.917795418082015
0.020690868414759197, -0.029134607449576428, 5.917795418082015
0.01925158953519313, -0.030182000442137286, 5.917795418082015
0.01925158953519313, -0.030182000442137286, 5.917795418082015
0.01925158953519313, -0.030182000442137286, 5.917795418082015
0.01861491643648975, -0.029330557066428165, 5.917795418082015
0.01861491643648975, -0.029330557066428165, 5.917795418082015
0.01861491643648975, -0.029330557066428165, 5.917795418082015
0.01861491643648975, -0.029330557066428165, 5.917795418082015
0.015477207834861837, -0.02908251478429362, 5.917795418082015
0.015477207834861837, -0.02908251478429362, 5.917795418082015
0.015477207834861837, -0.02908251478429362, 5.917795418082015
0.012812147607607204, -0.02951093096311271, 5.917795418082015
0.012812147607607204, -0.02951093096311271, 5.917795418082015
0.012812147607607204, -0.02951093096311271, 5.917795418082015
0.008496225913714567, -0.029727827270432248, 5.917795418082015
0.008496225913714567, -0.029727827270432248, 5.917795418082015
0.008496225913714567, -0.029727827270432248, 5.917795418082015
0.008496225913714567, -0.029727827270432248, 5.917795418082015
0.00609223329755095, -0.029573789442112593, 5.917795418082015
0.00609223329755095, -0.029573789442112593, 5.917795418082015
0.00609223329755095, -0.029573789442112593, 5.917795418082015
0.0040269452862676195, -0.028231355428141983, 5.917795418082015
0.0040269452862676195, -0.028231355428141983, 5.917795418082015
0.0040269452862676195, -0.028231355428141983, 5.917795418082015
0.0028186586221007285, -0.03038616475789702, 5.917795418082015
0.0028186586221007285, -0.03038616475789702, 5.917795418082015
0.0028186586221007285, -0.03038616475789702, 5.917795418082015
0.0028186586221007285, -0.03038616475789702, 5.917795418082015
0.0005486141895844482, -0.032096986606723034, 5.917795418082015
0.0005486141895844482, -0.032096986606723034, 5.917795418082015
0.0005486141895844482, -0.032096986606723034, 5.917795418082015
0.0007038877851041651, -0.030885086292024803, 5.917795418082015
0.0007038877851041651, -0.030885086292024803, 5.917795418082015
0.0007038877851041651, -0.030885086292024803, 5.917795418082015
0.0028186586221007285, -0.03038616475789702, 5.917795418082015
0.0028186586221007285, -0.03038616475789702, 5.917795418082015
0.0028186586221007285, -0.03038616475789702, 5.917795418082015
0.0028186586221007285, -0.03038616475789702, 5.917795418082015
0.006167953074120641, -0.03189311086316725, 5.917795418082015
0.006167953074120641, -0.03189311086316725, 5.917795418082015
0.006167953074120641, -0.03189311086316725, 5.917795418082015
0.0074801144475646645, -0.033293025135541485, 5.917795418082015
0.0074801144475646645, -0.033293025135541485, 5.917795418082015
0.0074801144475646645, -0.033293025135541485, 5.917795418082015
0.0074801144475646645, -0.033293025135541485, 5.917795418082015
0.009072751794492864, -0.033959009524673, 5.917795418082015
0.009072751794492864, -0.033959009524673, 5.917795418082015
0.009072751794492864, -0.033959009524673, 5.917795418082015
0.007365576491066608, -0.031276680445788185, 5.917795418082015
0.007365576491066608, -0.031276680445788185, 5.917795418082015
0.007365576491066608, -0.031276680445788185, 5.917795418082015
0.00787704628527712, -0.031650162551903366, 5.917795418082015
0.00787704628527712, -0.031650162551903366, 5.917795418082015
0.00787704628527712, -0.031650162551903366, 5.917795418082015
0.010947781612372216, -0.03096577735761466, 5.917795418082015
0.010947781612372216, -0.03096577735761466, 5.917795418082015
0.010947781612372216, -0.03096577735761466, 5.917795418082015
0.010947781612372216, -0.03096577735761466, 5.917795418082015
0.01288786934060903, -0.03183024573464993, 5.917795418082015
0.01288786934060903, -0.03183024573464993, 5.917795418082015
0.01288786934060903, -0.03183024573464993, 5.917795418082015
0.01732899363678459, -0.032091315300286645, 5.917795418082015
0.01732899363678459, -0.032091315300286645, 5.917795418082015
0.01732899363678459, -0.032091315300286645, 5.917795418082015
0.022309744778207245, -0.03396126453024571, 5.917795418082015
0.022309744778207245, -0.03396126453024571, 5.917795418082015
0.022309744778207245, -0.03396126453024571, 5.917795418082015
0.025535754863368235, -0.03206497448811745, 5.917795418082015
0.025535754863368235, -0.03206497448811745, 5.917795418082015
0.025535754863368235, -0.03206497448811745, 5.917795418082015
0.025535754863368235, -0.03206497448811745, 5.917795418082015
0.031250220936940264, -0.034028935076934885, 5.917795418082015
0.031250220936940264, -0.034028935076934885, 5.917795418082015
0.031250220936940264, -0.034028935076934885, 5.917795418082015
0.03522744338419062, -0.03500043070886176, 5.917795418082015
0.03522744338419062, -0.03500043070886176, 5.917795418082015
0.03522744338419062, -0.03500043070886176, 5.917795418082015
0.03522744338419062, -0.03500043070886176, 5.917795418082015
0.03923665041577301, -0.03135679870895364, 5.917795418082015
0.03923665041577301, -0.03135679870895364, 5.917795418082015
0.03923665041577301, -0.03135679870895364, 5.917795418082015
0.043813639145333226, -0.030557455254675774, 5.917795418082015
0.043813639145333226, -0.030557455254675774, 5.917795418082015
0.043813639145333226, -0.030557455254675774, 5.917795418082015
0.048891438496644304, -0.03166996154650418, 5.917795418082015
0.048891438496644304, -0.03166996154650418, 5.917795418082015
0.048891438496644304, -0.03166996154650418, 5.917795418082015
0.048891438496644304, -0.03166996154650418, 5.917795418082015
0.05106443473682741, -0.03071658252072476, 5.917795418082015
0.05106443473682741, -0.03071658252072476, 5.917795418082015
0.05106443473682741, -0.03071658252072476, 5.917795418082015
0.05346842630553206, -0.030870617951784328, 5.917795418082015
0.05346842630553206, -0.030870617951784328, 5.917795418082015
0.05346842630553206, -0.030870617951784328, 5.917795418082015
0.05523382967078693, -0.03309847828613776, 5.917795418082015
0.05523382967078693, -0.03309847828613776, 5.917795418082015
0.05523382967078693, -0.03309847828613776, 5.917795418082015
0.056094667196168096, -0.030745173735104353, 5.917795418082015
0.056094667196168096, -0.030745173735104353, 5.917795418082015
0.056094667196168096, -0.030745173735104353, 5.917795418082015
0.056094667196168096, -0.030745173735104353, 5.917795418082015
0.058112391095053666, -0.03100369297786806, 5.917795418082015
0.058112391095053666, -0.03100369297786806, 5.917795418082015
0.058112391095053666, -0.03100369297786806, 5.917795418082015
0.058112391095053666, -0.03100369297786806, 5.917795418082015
0.05778435054297957, -0.03065371732198645, 5.917795418082015
0.05778435054297957, -0.03065371732198645, 5.917795418082015
0.05778435054297957, -0.03065371732198645, 5.917795418082015
0.05585300918999312, -0.03117614063276449, 5.917795418082015
0.05585300918999312, -0.03117614063276449, 5.917795418082015
0.05585300918999312, -0.03117614063276449, 5.917795418082015
0.05696233366696088, -0.03270403821716989, 5.917795418082015
0.05696233366696088, -0.03270403821716989, 5.917795418082015
0.05696233366696088, -0.03270403821716989, 5.917795418082015
0.056280012372047335, -0.027843409559790713, 5.917795418082015
0.056280012372047335, -0.027843409559790713, 5.917795418082015
0.056280012372047335, -0.027843409559790713, 5.917795418082015
0.056280012372047335, -0.027843409559790713, 5.917795418082015
0.05542983948075174, -0.028658326106807575, 5.917795418082015
0.05542983948075174, -0.028658326106807575, 5.917795418082015
0.05542983948075174, -0.028658326106807575, 5.917795418082015
0.058673342201326265, -0.029535826370707334, 5.917795418082015
0.058673342201326265, -0.029535826370707334, 5.917795418082015
0.058673342201326265, -0.029535826370707334, 5.917795418082015
0.05776685823525981, -0.027879934131664882, 5.917795418082015
0.05776685823525981, -0.027879934131664882, 5.917795418082015
0.05776685823525981, -0.027879934131664882, 5.917795418082015
0.058576295965425226, -0.030293262544236504, 5.917795418082015
0.058576295965425226, -0.030293262544236504, 5.917795418082015
0.058576295965425226, -0.030293262544236504, 5.917795418082015
0.058576295965425226, -0.030293262544236504, 5.917795418082015
0.05823950891131424, -0.028556392943723488, 5.917795418082015
0.05823950891131424, -0.028556392943723488, 5.917795418082015
0.05823950891131424, -0.028556392943723488, 5.917795418082015
0.05493777858924733, -0.028133361494576105, 5.917795418082015
0.05493777858924733, -0.028133361494576105, 5.917795418082015
0.05493777858924733, -0.028133361494576105, 5.917795418082015
0.05493777858924733, -0.028133361494576105, 5.917795418082015
0.05328691367593724, -0.027921845690028854, 5.917795418082015
0.05328691367593724, -0.027921845690028854, 5.917795418082015
0.05328691367593724, -0.027921845690028854, 5.917795418082015
0.049531943203404406, -0.026670868459786255, 5.917795418082015
0.049531943203404406, -0.026670868459786255, 5.917795418082015
0.049531943203404406, -0.026670868459786255, 5.917795418082015
0.04749480831859409, -0.02656383611583817, 5.917795418082015
0.04749480831859409, -0.02656383611583817, 5.917795418082015
0.04749480831859409, -0.02656383611583817, 5.917795418082015
0.04749480831859409, -0.02656383611583817, 5.917795418082015
0.04078555594301487, -0.025088327376172937, 5.917795418082015
0.04078555594301487, -0.025088327376172937, 5.917795418082015
0.04078555594301487, -0.025088327376172937, 5.917795418082015
0.03838156472541519, -0.02493428964343221, 5.917795418082015
0.03838156472541519, -0.02493428964343221, 5.917795418082015
0.03838156472541519, -0.02493428964343221, 5.917795418082015
0.0356107132504626, -0.0247332506337142, 5.917795418082015
0.0356107132504626, -0.0247332506337142, 5.917795418082015
0.0356107132504626, -0.0247332506337142, 5.917795418082015
0.03342896993281918, -0.02429974257504263, 5.917795418082015
0.03342896993281918, -0.02429974257504263, 5.917795418082015
0.03342896993281918, -0.02429974257504263, 5.917795418082015
0.03342896993281918, -0.02429974257504263, 5.917795418082015
0.031749950293564866, -0.02285282014600556, 5.917795418082015
0.031749950293564866, -0.02285282014600556, 5.917795418082015
0.031749950293564866, -0.02285282014600556, 5.917795418082015
0.030956087648043678, -0.02613854782562594, 5.917795418082015
0.030956087648043678, -0.02613854782562594, 5.917795418082015
0.030956087648043678, -0.02613854782562594, 5.917795418082015
0.030319416172222703, -0.025287099986996492, 5.917795418082015
0.030319416172222703, -0.025287099986996492, 5.917795418082015
0.030319416172222703, -0.025287099986996492, 5.917795418082015
0.030319416172222703, -0.025287099986996492, 5.917795418082015
0.0315451936304582, -0.025906080682385507, 5.917795418082015
0.0315451936304582, -0.025906080682385507, 5.917795418082015
0.0315451936304582, -0.025906080682385507, 5.917795418082015
0.03419958968981945, -0.0270160432755004, 5.917795418082015
0.03419958968981945, -0.0270160432755004, 5.917795418082015
0.03419958968981945, -0.0270160432755004, 5.917795418082015
0.03419958968981945, -0.0270160432755004, 5.917795418082015
0.03391911443024452, -0.02774997774260031, 5.917795418082015
0.03391911443024452, -0.02774997774260031, 5.917795418082015
0.03391911443024452, -0.02774997774260031, 5.917795418082015
0.03461401280534794, -0.028146961369839702, 5.917795418082015
0.03461401280534794, -0.028146961369839702, 5.917795418082015
0.03461401280534794, -0.028146961369839702, 5.917795418082015
0.03274281610917646, -0.02528965023964851, 5.917795418082015
0.03274281610917646, -0.02528965023964851, 5.917795418082015
0.03274281610917646, -0.02528965023964851, 5.917795418082015
0.03274281610917646, -0.02528965023964851, 5.917795418082015
0.03164224010823295, -0.02514863983527302, 5.917795418082015
0.03164224010823295, -0.02514863983527302, 5.917795418082015
0.03164224010823295, -0.02514863983527302, 5.917795418082015
0.03358232702502856, -0.02601311044376845, 5.917795418082015
0.03358232702502856, -0.02601311044376845, 5.917795418082015
0.03358232702502856, -0.02601311044376845, 5.917795418082015
0.034460655344478335, -0.026433595917879096, 5.917795418082015
0.034460655344478335, -0.026433595917879096, 5.917795418082015
0.034460655344478335, -0.026433595917879096, 5.917795418082015
0.034460655344478335, -0.026433595917879096, 5.917795418082015
0.03574466176765966, -0.02659810812426277, 5.917795418082015
0.03574466176765966, -0.02659810812426277, 5.917795418082015
0.03574466176765966, -0.02659810812426277, 5.917795418082015
0.03420833562228883, -0.028402934778008655, 5.917795418082015
0.03420833562228883, -0.028402934778008655, 5.917795418082015
0.03420833562228883, -0.028402934778008655, 5.917795418082015
0.037270325258788255, -0.026331653407628382, 5.948297450454248
0.037270325258788255, -0.026331653407628382, 5.948297450454248
0.037270325258788255, -0.026331653407628382, 5.948297450454248
0.03824378342006, -0.02891997326353607, 5.948297450454248
0.03824378342006, -0.02891997326353607, 5.948297450454248
0.03824378342006, -0.02891997326353607, 5.948297450454248
0.03824378342006, -0.02891997326353607, 5.948297450454248
0.039055137786178196, -0.028408026447198156, 5.917795418082015
0.039055137786178196, -0.028408026447198156, 5.917795418082015
0.039055137786178196, -0.028408026447198156, 5.917795418082015
0.039829590089462893, -0.025273790710586816, 5.917795418082015
0.039829590089462893, -0.025273790710586816, 5.917795418082015
0.039829590089462893, -0.025273790710586816, 5.917795418082015
0.03519629015248936, -0.023602332424290842, 5.917795418082015
0.03519629015248936, -0.023602332424290842, 5.917795418082015
0.03519629015248936, -0.023602332424290842, 5.917795418082015
0.03519629015248936, -0.023602332424290842, 5.917795418082015
0.03036889763448249, -0.023445744113151055, 5.917795418082015
0.03036889763448249, -0.023445744113151055, 5.917795418082015
0.03036889763448249, -0.023445744113151055, 5.917795418082015
0.024971805268893855, -0.02337014932011302, 5.917795418082015
0.024971805268893855, -0.02337014932011302, 5.917795418082015
0.024971805268893855, -0.02337014932011302, 5.917795418082015
0.024971805268893855, -0.02337014932011302, 5.917795418082015
0.01576834660108665, -0.02681019661615037, 5.917795418082015
0.01576834660108665, -0.02681019661615037, 5.917795418082015
0.01576834660108665, -0.02681019661615037, 5.917795418082015
0.005339105497165465, -0.029631274233657544, 5.917795418082015
0.005339105497165465, -0.029631274233657544, 5.90988821011855
0.005339105497165465, -0.029631274233657544, 5.90988821011855
-0.004172986085931234, -0.03256985622663261, 5.879390643218526
-0.004172986085931234, -0.03256985622663261, 5.879390643218526
-0.004172986085931234, -0.03256985622663261, 5.879390643218526
-0.004172986085931234, -0.03256985622663261, 5.879390643218526
-0.011388794719338301, -0.037958286159860036, 5.879390643218526
-0.011388794719338301, -0.037958286159860036, 5.879390643218526
-0.011388794719338301, -0.037958286159860036, 5.879390643218526
-0.020987269792417794, -0.04011593487623898, 5.879390643218526
-0.020987269792417794, -0.04011593487623898, 5.879390643218526
-0.020987269792417794, -0.04011593487623898, 5.879390643218526
-0.025885470232015803, -0.04487746003352846, 5.879390643218526
-0.025885470232015803, -0.04487746003352846, 5.879390643218526
-0.025885470232015803, -0.04487746003352846, 5.879390643218526
-0.025885470232015803, -0.04487746003352846, 5.879390643218526
-0.02811669672647743, -0.04628530982463644, 5.879390643218526
-0.02811669672647743, -0.04628530982463644, 5.879390643218526
-0.02811669672647743, -0.04628530982463644, 5.879390643218526
-0.02921535725401432, -0.04321902872449275, 5.879390643218526
-0.02921535725401432, -0.04321902872449275, 5.879390643218526
-0.02921535725401432, -0.04321902872449275, 5.879390643218526
-0.026308641345677067, -0.04235965471429618, 5.879390643218526
-0.026308641345677067, -0.04235965471429618, 5.879390643218526
-0.026308641345677067, -0.04235965471429618, 5.879390643218526
-0.026308641345677067, -0.04235965471429618, 5.879390643218526
-0.02235957605869455, -0.04209575041611373, 5.879390643218526
-0.02235957605869455, -0.04209575041611373, 5.879390643218526
-0.02235957605869455, -0.04209575041611373, 5.879390643218526
-0.02156763109658512, -0.041735295568142795, 5.879390643218526
-0.02156763109658512, -0.041735295568142795, 5.879390643218526
-0.02156763109658512, -0.041735295568142795, 5.879390643218526
-0.02122018047925874, -0.041933784184766794, 5.879390643218526
-0.02122018047925874, -0.041933784184766794, 5.879390643218526
-0.02122018047925874, -0.041933784184766794, 5.879390643218526
-0.02122018047925874, -0.041933784184766794, 5.879390643218526
-0.021056160859593623, -0.04210877785956303, 5.879390643218526
-0.021056160859593623, -0.04210877785956303, 5.879390643218526
-0.021056160859593623, -0.04210877785956303, 5.879390643218526
-0.021664676078263972, -0.042492729695516845, 5.879390643218526
-0.021664676078263972, -0.042492729695516845, 5.879390643218526
-0.021664676078263972, -0.042492729695516845, 5.879390643218526
-0.02001381114739863, -0.04270424538498004, 5.879390643218526
-0.02001381114739863, -0.04270424538498004, 5.879390643218526
-0.02001381114739863, -0.04270424538498004, 5.879390643218526
-0.02001381114739863, -0.04270424538498004, 5.879390643218526
-0.019849791285859807, -0.04287923438619296, 5.879390643218526
-0.019849791285859807, -0.04287923438619296, 5.879390643218526
-0.019849791285859807, -0.04287923438619296, 5.879390643218526
-0.020678638402478747, -0.04061739782690426, 5.879390643218526
-0.020678638402478747, -0.04061739782690426, 5.879390643218526
-0.020678638402478747, -0.04061739782690426, 5.879390643218526
-0.021343465766790123, -0.03853054789692631, 5.879390643218526
-0.021343465766790123, -0.03853054789692631, 5.879390643218526
-0.021343465766790123, -0.03853054789692631, 5.879390643218526
-0.021343465766790123, -0.03853054789692631, 5.879390643218526
-0.019828465729645674, -0.03980247653608309, 5.879390643218526
-0.019828465729645674, -0.03980247653608309, 5.879390643218526
-0.019828465729645674, -0.03980247653608309, 5.879390643218526
-0.01851630413773913, -0.041202395552261635, 5.879390643218526
-0.01851630413773913, -0.041202395552261635, 5.879390643218526
-0.01851630413773913, -0.041202395552261635, 5.879390643218526
-0.01695182151675516, -0.04063297331690333, 5.879390643218526
-0.01695182151675516, -0.04063297331690333, 5.879390643218526
-0.01695182151675516, -0.04063297331690333, 5.879390643218526
-0.01695182151675516, -0.04063297331690333, 5.879390643218526
-0.01702071350460345, -0.04262581615978538, 5.879390643218526
-0.01702071350460345, -0.04262581615978538, 5.879390643218526
-0.01702071350460345, -0.04262581615978538, 5.879390643218526
-0.015214574736344681, -0.041625426860967034, 5.879390643218526
-0.015214574736344681, -0.041625426860967034, 5.879390643218526
-0.015214574736344681, -0.041625426860967034, 5.879390643218526
-0.015214574736344681, -0.041625426860967034, 5.879390643218526
-0.012087527505482271, -0.043411848106193404, 5.879390643218526
-0.012087527505482271, -0.043411848106193404, 5.879390643218526
-0.012087527505482271, -0.043411848106193404, 5.879390643218526
-0.012087527505482271, -0.043411848106193404, 5.879390643218526
-0.0075017916984617405, -0.043999391736366536, 5.879390643218526
-0.0075017916984617405, -0.043999391736366536, 5.879390643218526
-0.0075017916984617405, -0.043999391736366536, 5.879390643218526
-0.0075017916984617405, -0.043999391736366536, 5.879390643218526
-0.006438117259049068, -0.0415181037582179, 5.879390643218526
-0.006438117259049068, -0.0415181037582179, 5.879390643218526
-0.006438117259049068, -0.0415181037582179, 5.879390643218526
0.003331208778320281, -0.04384761128552175, 5.879390643218526
0.003331208778320281, -0.04384761128552175, 5.879390643218526
0.003331208778320281, -0.04384761128552175, 5.879390643218526
0.0073103440227799245, -0.04189384758964422, 5.879390643218526
0.0073103440227799245, -0.04189384758964422, 5.879390643218526
0.0073103440227799245, -0.04189384758964422, 5.879390643218526
0.0073103440227799245, -0.04189384758964422, 5.879390643218526
0.013672149428612109, -0.043170868504621526, 5.879390643218526
0.013672149428612109, -0.043170868504621526, 5.879390643218526
0.013672149428612109, -0.043170868504621526, 5.879390643218526
0.01848013085146298, -0.04347894134267478, 5.879390643218526
0.01848013085146298, -0.04347894134267478, 5.879390643218526
0.01848013085146298, -0.04347894134267478, 5.879390643218526
0.01848013085146298, -0.04347894134267478, 5.879390643218526
0.02064246721697649, -0.04406393456024876, 5.879390643218526
0.02064246721697649, -0.04406393456024876, 5.879390643218526
0.02064246721697649, -0.04406393456024876, 5.879390643218526
0.02079774081249621, -0.04285203424555053, 5.879390643218526
0.02079774081249621, -0.04285203424555053, 5.879390643218526
0.02079774081249621, -0.04285203424555053, 5.879390643218526
0.021028735347131792, -0.04395945081876562, 5.879390643218526
0.021028735347131792, -0.04395945081876562, 5.879390643218526
0.021028735347131792, -0.04395945081876562, 5.879390643218526
0.021945882306846156, -0.044076959631795906, 5.879390643218526
0.021945882306846156, -0.044076959631795906, 5.879390643218526
0.021945882306846156, -0.044076959631795906, 5.879390643218526
0.021945882306846156, -0.044076959631795906, 5.879390643218526
0.019252666778223862, -0.043269976046305586, 5.879390643218526
0.019252666778223862, -0.043269976046305586, 5.879390643218526
0.019252666778223862, -0.043269976046305586, 5.879390643218526
0.01590528918061925, -0.03883775945593014, 5.879390643218526
0.01590528918061925, -0.03883775945593014, 5.879390643218526
0.01590528918061925, -0.03883775945593014, 5.879390643218526
0.018065708213825978, -0.04234802320347241, 5.879390643218526
0.018065708213825978, -0.04234802320347241, 5.879390643218526
0.018065708213825978, -0.04234802320347241, 5.879390643218526
0.018065708213825978, -0.04234802320347241, 5.879390643218526
0.01755423771740552, -0.041974545700719554, 5.879390643218526
0.01755423771740552, -0.041974545700719554, 5.879390643218526
0.01755423771740552, -0.041974545700719554, 5.879390643218526
0.015883963975510094, -0.04191451500435886, 5.879390643218526
0.015883963975510094, -0.04191451500435886, 5.879390643218526
0.015883963975510094, -0.04191451500435886, 5.879390643218526
0.01549769538501856, -0.042018998675621005, 5.879390643218526
0.01549769538501856, -0.042018998675621005, 5.879390643218526
0.01549769538501856, -0.042018998675621005, 5.879390643218526
0.01549769538501856, -0.042018998675621005, 5.879390643218526
0.016820519285918312, -0.04188053875406565, 5.879390643218526
0.016820519285918312, -0.04188053875406565, 5.879390643218526
0.016820519285918312, -0.04188053875406565, 5.879390643218526
0.01966026116680324, -0.04008872985135026, 5.879390643218526
0.01966026116680324, -0.04008872985135026, 5.879390643218526
0.01966026116680324, -0.04008872985135026, 5.879390643218526
0.01966026116680324, -0.04008872985135026, 5.879390643218526
0.020972423219046014, -0.0414886489377498, 5.879390643218526
0.020972423219046014, -0.0414886489377498, 5.879390643218526
0.020972423219046014, -0.0414886489377498, 5.879390643218526
0.02120341821401783, -0.04259606558118589, 5.879390643218526
0.02120341821401783, -0.04259606558118589, 5.879390643218526
0.02120341821401783, -0.04259606558118589, 5.879390643218526
0.021395592934143337, -0.044006454161403155, 5.879390643218526
0.021395592934143337, -0.044006454161403155, 5.879390643218526
0.021395592934143337, -0.044006454161403155, 5.879390643218526
0.022534988732041666, -0.04384449267386052, 5.879390643218526
0.022534988732041666, -0.04384449267386052, 5.879390643218526
0.022534988732041666, -0.04384449267386052, 5.879390643218526
0.022534988732041666, -0.04384449267386052, 5.879390643218526
0.017226198460520044, -0.041624558466211145, 5.879390643218526
0.017226198460520044, -0.041624558466211145, 5.879390643218526
0.017226198460520044, -0.041624558466211145, 5.879390643218526
0.01822972750579731, -0.04252300976256219, 5.879390643218526
0.01822972750579731, -0.04252300976256219, 5.879390643218526
0.01822972750579731, -0.04252300976256219, 5.879390643218526
0.019774800964646226, -0.04210507482198753, 5.879390643218526
0.019774800964646226, -0.04210507482198753, 5.879390643218526
0.019774800964646226, -0.04210507482198753, 5.879390643218526
0.019774800964646226, -0.04210507482198753, 5.879390643218526
0.01840441037268335, -0.041159624524982445, 5.879390643218526
0.01840441037268335, -0.041159624524982445, 5.879390643218526
0.01840441037268335, -0.041159624524982445, 5.879390643218526
0.019108057206255774, -0.04294349544733581, 5.879390643218526
0.019108057206255774, -0.04294349544733581, 5.879390643218526
0.019108057206255774, -0.04294349544733581, 5.90988821011855
0.019436097643242674, -0.04329347803361883, 5.90988821011855
0.019436097643242674, -0.04329347803361883, 5.90988821011855
0.019436097643242674, -0.04329347803361883, 5.90988821011855
0.019436097643242674, -0.04329347803361883, 5.90988821011855
0.019280824381272682, -0.04450537616171996, 5.90988821011855
0.019280824381272682, -0.04450537616171996, 5.90988821011855
0.019280824381272682, -0.04450537616171996, 5.90988821011855
0.019802956611262915, -0.04334048158691935, 5.90988821011855
0.019802956611262915, -0.04334048158691935, 5.90988821011855
0.019802956611262915, -0.04334048158691935, 5.90988821011855
0.019802956611262915, -0.04334048158691935, 5.90988821011855
0.020303763417681465, -0.04525233781674312, 5.90988821011855
0.020303763417681465, -0.04525233781674312, 5.90988821011855
0.020303763417681465, -0.04525233781674312, 5.90988821011855
0.017776487372886635, -0.041695063866382914, 5.90988821011855
0.017776487372886635, -0.041695063866382914, 5.90988821011855
0.017776487372886635, -0.041695063866382914, 5.90988821011855
0.01759305696820405, -0.04167156194929066, 5.90988821011855
0.01759305696820405, -0.04167156194929066, 5.90988821011855
0.01759305696820405, -0.04167156194929066, 5.90988821011855
0.018838244600923083, -0.04213905797732422, 5.90988821011855
0.018838244600923083, -0.04213905797732422, 5.90988821011855
0.018838244600923083, -0.04213905797732422, 5.90988821011855
0.018838244600923083, -0.04213905797732422, 5.90988821011855
0.01906049241505927, -0.0418595758621036, 5.90988821011855
0.01906049241505927, -0.0418595758621036, 5.90988821011855
0.01906049241505927, -0.0418595758621036, 5.90988821011855
0.018780017356391614, -0.042593515188091874, 5.879390643218526
0.018780017356391614, -0.042593515188091874, 5.879390643218526
0.018780017356391614, -0.042593515188091874, 5.879390643218526
0.018393749686572546, -0.04269799899979602, 5.879390643218526
0.018393749686572546, -0.04269799899979602, 5.879390643218526
0.018393749686572546, -0.04269799899979602, 5.879390643218526
0.018393749686572546, -0.04269799899979602, 5.879390643218526
0.019966977301798194, -0.04351546824158804, 5.879390643218526
0.019966977301798194, -0.04351546824158804, 5.879390643218526
0.019966977301798194, -0.04351546824158804, 5.879390643218526
0.019966977301798194, -0.04351546824158804, 5.879390643218526
0.018113271883442743, -0.043431937789374264, 5.879390643218526
0.018113271883442743, -0.043431937789374264, 5.90988821011855
0.016801110492443472, -0.04203202363208409, 5.879390643218526
0.016801110492443472, -0.04203202363208409, 5.879390643218526
0.016801110492443472, -0.04203202363208409, 5.879390643218526
0.016801110492443472, -0.04203202363208409, 5.90988821011855
0.01817150014617864, -0.042977473903731245, 5.90988821011855
0.01817150014617864, -0.042977473903731245, 5.90988821011855
0.01817150014617864, -0.042977473903731245, 5.90988821011855
0.015363747788493962, -0.040154141325514425, 5.90988821011855
0.015363747788493962, -0.040154141325514425, 5.90988821011855
0.015363747788493962, -0.040154141325514425, 5.90988821011855
0.015894626543932262, -0.040376131277957576, 5.90988821011855
0.015894626543932262, -0.040376131277957576, 5.90988821011855
0.015894626543932262, -0.040376131277957576, 5.90988821011855
0.015894626543932262, -0.040376131277957576, 5.90988821011855
0.016792365037865565, -0.04064513208471277, 5.90988821011855
0.016792365037865565, -0.04064513208471277, 5.90988821011855
0.016792365037865565, -0.04064513208471277, 5.90988821011855
0.015247292056908137, -0.04106306698042435, 5.90988821011855
0.015247292056908137, -0.04106306698042435, 5.90988821011855
0.015247292056908137, -0.04106306698042435, 5.90988821011855
0.01710099620348615, -0.041146599593877294, 5.90988821011855
0.01710099620348615, -0.041146599593877294, 5.90988821011855
0.01710099620348615, -0.041146599593877294, 5.90988821011855
0.01710099620348615, -0.041146599593877294, 5.90988821011855
0.017226198460520044, -0.041624558466211145, 5.90988821011855
0.017226198460520044, -0.041624558466211145, 5.90988821011855
0.017226198460520044, -0.041624558466211145, 5.90988821011855
0.017910434969411235, -0.043559921216489494, 5.90988821011855
0.017910434969411235, -0.043559921216489494, 5.90988821011855
0.017910434969411235, -0.043559921216489494, 5.90988821011855
0.017120405348065956, -0.04099511241417769, 5.90988821011855
0.017120405348065956, -0.04099511241417769, 5.90988821011855
0.017120405348065956, -0.04099511241417769, 5.90988821011855
0.017120405348065956, -0.04099511241417769, 5.90988821011855
0.016520636153541008, -0.042765958239625985, 5.90988821011855
0.016520636153541008, -0.042765958239625985, 5.90988821011855
0.016520636153541008, -0.042765958239625985, 5.90988821011855
0.01775707796887786, -0.04184655583474988, 5.90988821011855
0.01775707796887786, -0.04184655583474988, 5.90988821011855
0.01775707796887786, -0.04184655583474988, 5.90988821011855
0.01684184556189764, -0.038803776185509405, 5.90988821011855
0.01684184556189764, -0.038803776185509405, 5.90988821011855
0.01684184556189764, -0.038803776185509405, 5.90988821011855
0.01684184556189764, -0.038803776185509405, 5.90988821011855
0.014746485032027065, -0.039151206006796266, 5.90988821011855
0.014746485032027065, -0.039151206006796266, 5.90988821011855
0.014746485032027065, -0.039151206006796266, 5.90988821011855
0.016917565781248315, -0.0411230977918691, 5.90988821011855
0.016917565781248315, -0.0411230977918691, 5.90988821011855
0.016917565781248315, -0.0411230977918691, 5.90988821011855
0.017362062911459947, -0.040564145331212505, 5.90988821011855
0.017362062911459947, -0.040564145331212505, 5.90988821011855
0.017362062911459947, -0.040564145331212505, 5.90988821011855
0.017362062911459947, -0.040564145331212505, 5.90988821011855
0.01798998889759252, -0.04002870185263876, 5.90988821011855
0.01798998889759252, -0.04002870185263876, 5.90988821011855
0.01798998889759252, -0.04002870185263876, 5.90988821011855
0.017951170700108904, -0.04033167869902417, 5.90988821011855
0.017951170700108904, -0.04033167869902417, 5.90988821011855
0.017951170700108904, -0.04033167869902417, 5.90988821011855
0.017787148646120177, -0.040156691718608424, 5.90988821011855
0.017787148646120177, -0.040156691718608424, 5.90988821011855
0.017787148646120177, -0.040156691718608424, 5.90988821011855
0.017787148646120177, -0.040156691718608424, 5.90988821011855
0.017787148646120177, -0.040156691718608424, 5.90988821011855
0.0160868022705503, -0.04178653178790661, 5.90988821011855
0.0160868022705503, -0.04178653178790661, 5.90988821011855
0.0160868022705503, -0.04178653178790661, 5.90988821011855
0.0160868022705503, -0.04178653178790661, 5.90988821011855
0.017167969938355194, -0.04207902714052154, 5.90988821011855
0.017167969938355194, -0.04207902714052154, 5.90988821011855
0.017167969938355194, -0.04207902714052154, 5.90988821011855
0.016337205270966944, -0.0427424563673968, 5.90988821011855
0.016337205270966944, -0.0427424563673968, 5.90988821011855
0.016337205270966944, -0.0427424563673968, 5.90988821011855
0.014688257212072158, -0.039605670077744334, 5.90988821011855
0.014688257212072158, -0.039605670077744334, 5.90988821011855
0.014688257212072158, -0.039605670077744334, 5.90988821011855
0.014688257212072158, -0.039605670077744334, 5.90988821011855
0.015847062413979263, -0.039292216621834734, 5.90988821011855
0.015847062413979263, -0.039292216621834734, 5.90988821011855
0.015847062413979263, -0.039292216621834734, 5.90988821011855
0.017295089159035652, -0.03963171789965233, 5.90988821011855
0.017295089159035652, -0.03963171789965233, 5.90988821011855
0.017295089159035652, -0.03963171789965233, 5.90988821011855
0.017892942419817766, -0.04078614269975124, 5.90988821011855
0.017892942419817766, -0.04078614269975124, 5.90988821011855
0.017892942419817766, -0.04078614269975124, 5.90988821011855
0.017892942419817766, -0.04078614269975124, 5.90988821011855
0.019129384034247344, -0.03986673543598677, 5.90988821011855
0.019129384034247344, -0.03986673543598677, 5.90988821011855
0.019129384034247344, -0.03986673543598677, 5.90988821011855
0.01822098182690094, -0.041136122773690116, 5.90988821011855
0.01822098182690094, -0.041136122773690116, 5.90988821011855
0.01822098182690094, -0.041136122773690116, 5.90988821011855
0.01970591118680308, -0.04409791552898835, 5.90988821011855
0.01970591118680308, -0.04409791552898835, 5.90988821011855
0.01970591118680308, -0.04409791552898835, 5.90988821011855
0.01970591118680308, -0.04409791552898835, 5.90988821011855
0.01818024745965672, -0.04436436561690249, 5.90988821011855
0.01818024745965672, -0.04436436561690249, 5.90988821011855
0.01818024745965672, -0.04436436561690249, 5.90988821011855
0.018944036314813225, -0.04276850393377875, 5.90988821011855
0.018944036314813225, -0.04276850393377875, 5.90988821011855
0.018944036314813225, -0.04276850393377875, 5.90988821011855
0.01786286945844954, -0.04247600634970366, 5.90988821011855
0.01786286945844954, -0.04247600634970366, 5.90988821011855
0.01786286945844954, -0.04247600634970366, 5.90988821011855
0.01786286945844954, -0.04247600634970366, 5.90988821011855
0.017379555310855714, -0.043337931008520285, 5.90988821011855
0.017379555310855714, -0.043337931008520285, 5.90988821011855
0.017379555310855714, -0.043337931008520285, 5.90988821011855
0.017379555310855714, -0.043337931008520285, 5.90988821011855
